    1    1 26375.00000   717.50000     0.28580       4
    1    2 26375.00000  2152.50000     0.28582      10
    1    3 26375.00000  3587.50000     0.30028      11
    1    4 26375.00000  5022.50000     0.28567      31
    1    5 26375.00000  6457.50000     0.29814      18
    1    6 26375.00000  7892.50000     0.29220      38
    1    7 26375.00000  9327.50000     0.29179      28
    1    8 26375.00000 10762.50000     0.28985      52
    1    9 26375.00000 12197.50000     0.29659      51
    1   10 26375.00000 13632.50000     0.29252      60
    1   11 26375.00000 15067.50000     0.29526      60
    1   12 26375.00000 16502.50000     0.29477      52
    1   13 26375.00000 17937.50000     0.30555      86
    1   14 26375.00000 19372.50000     0.30983      77
    1   15 26375.00000 20807.50000     0.31118      73
    1   16 26375.00000 22242.50000     0.31682      78
    1   17 26375.00000 23677.50000     0.31840      95
    1   18 26375.00000 25112.50000     0.31004      97
    1   19 26375.00000 26547.50000     0.32174     100
    1   20 26375.00000 27982.50000     0.31852      83
    1   21 26375.00000 29417.50000     0.32877      99
    1   22 26375.00000 30852.50000     0.33665      95
    1   23 26375.00000 32287.50000     0.33588     111
    1   24 26375.00000 33722.50000     0.34538      92
    1   25 26375.00000 35157.50000     0.35940      96
    1   26 26375.00000 36592.50000     0.37643      76
    1   27 26375.00000 38027.50000     0.38570      73
    1   28 26375.00000 39462.50000     0.39337      26
    1   29 26375.00000 40897.50000     0.40055      23
    1   30 26375.00000 42332.50000     0.41200       5
    1   31 26375.00000 43767.50000     0.00000       0
    1   32 26375.00000 45202.50000     0.00000       0
    1   33 26375.00000 46637.50000     0.00000       0
    1   34 26375.00000 48072.50000     0.00000       0
    1   35 26375.00000 49507.50000     0.00000       0
    1   36 26375.00000 50942.50000     0.00000       0
    1   37 26375.00000 52377.50000     0.00000       0
    1   38 26375.00000 53812.50000     0.00000       0
    1   39 26375.00000 55247.50000     0.00000       0
    1   40 26375.00000 56682.50000     0.00000       0
    1   41 26375.00000 58117.50000     0.00000       0
    1   42 26375.00000 59552.50000     0.00000       0
    1   43 26375.00000 60987.50000     0.00000       0
    1   44 26375.00000 62422.50000     0.00000       0
    1   45 26375.00000 63857.50000     0.00000       0
    1   46 26375.00000 65292.50000     0.00000       0
    1   47 26375.00000 66727.50000     0.00000       0
    1   48 26375.00000 68162.50000     0.00000       0
    1   49 26375.00000 69597.50000     0.00000       0
    1   50 26375.00000 71032.50000     0.00000       0
    2    1 26125.00000   717.50000     0.29260       5
    2    2 26125.00000  2152.50000     0.28436      19
    2    3 26125.00000  3587.50000     0.28977      15
    2    4 26125.00000  5022.50000     0.28212      59
    2    5 26125.00000  6457.50000     0.30052      22
    2    6 26125.00000  7892.50000     0.29066      75
    2    7 26125.00000  9327.50000     0.28642      46
    2    8 26125.00000 10762.50000     0.28546      81
    2    9 26125.00000 12197.50000     0.29040      84
    2   10 26125.00000 13632.50000     0.29176     110
    2   11 26125.00000 15067.50000     0.29374      86
    2   12 26125.00000 16502.50000     0.28681      99
    2   13 26125.00000 17937.50000     0.30631     134
    2   14 26125.00000 19372.50000     0.30696     132
    2   15 26125.00000 20807.50000     0.30458     126
    2   16 26125.00000 22242.50000     0.30879     128
    2   17 26125.00000 23677.50000     0.30851     157
    2   18 26125.00000 25112.50000     0.30246     177
    2   19 26125.00000 26547.50000     0.30979     162
    2   20 26125.00000 27982.50000     0.30426     149
    2   21 26125.00000 29417.50000     0.32055     168
    2   22 26125.00000 30852.50000     0.32200     144
    2   23 26125.00000 32287.50000     0.32243     205
    2   24 26125.00000 33722.50000     0.33385     157
    2   25 26125.00000 35157.50000     0.34862     159
    2   26 26125.00000 36592.50000     0.36081     128
    2   27 26125.00000 38027.50000     0.37019     109
    2   28 26125.00000 39462.50000     0.39273      43
    2   29 26125.00000 40897.50000     0.39734      21
    2   30 26125.00000 42332.50000     0.00000       0
    2   31 26125.00000 43767.50000     0.00000       0
    2   32 26125.00000 45202.50000     0.00000       0
    2   33 26125.00000 46637.50000     0.00000       0
    2   34 26125.00000 48072.50000     0.00000       0
    2   35 26125.00000 49507.50000     0.00000       0
    2   36 26125.00000 50942.50000     0.00000       0
    2   37 26125.00000 52377.50000     0.00000       0
    2   38 26125.00000 53812.50000     0.00000       0
    2   39 26125.00000 55247.50000     0.00000       0
    2   40 26125.00000 56682.50000     0.00000       0
    2   41 26125.00000 58117.50000     0.00000       0
    2   42 26125.00000 59552.50000     0.00000       0
    2   43 26125.00000 60987.50000     0.00000       0
    2   44 26125.00000 62422.50000     0.00000       0
    2   45 26125.00000 63857.50000     0.00000       0
    2   46 26125.00000 65292.50000     0.00000       0
    2   47 26125.00000 66727.50000     0.00000       0
    2   48 26125.00000 68162.50000     0.00000       0
    2   49 26125.00000 69597.50000     0.00000       0
    2   50 26125.00000 71032.50000     0.00000       0
    3    1 25875.00000   717.50000     0.30993       5
    3    2 25875.00000  2152.50000     0.28199      13
    3    3 25875.00000  3587.50000     0.28974      22
    3    4 25875.00000  5022.50000     0.28138      46
    3    5 25875.00000  6457.50000     0.29530      24
    3    6 25875.00000  7892.50000     0.28529      62
    3    7 25875.00000  9327.50000     0.28823      42
    3    8 25875.00000 10762.50000     0.28170      70
    3    9 25875.00000 12197.50000     0.28746      81
    3   10 25875.00000 13632.50000     0.28385      88
    3   11 25875.00000 15067.50000     0.28688      98
    3   12 25875.00000 16502.50000     0.28506      88
    3   13 25875.00000 17937.50000     0.29657     128
    3   14 25875.00000 19372.50000     0.29922     108
    3   15 25875.00000 20807.50000     0.29797     109
    3   16 25875.00000 22242.50000     0.30082     132
    3   17 25875.00000 23677.50000     0.30000     136
    3   18 25875.00000 25112.50000     0.29663     163
    3   19 25875.00000 26547.50000     0.29785     143
    3   20 25875.00000 27982.50000     0.29271     153
    3   21 25875.00000 29417.50000     0.30804     128
    3   22 25875.00000 30852.50000     0.31186     160
    3   23 25875.00000 32287.50000     0.31103     173
    3   24 25875.00000 33722.50000     0.32381     155
    3   25 25875.00000 35157.50000     0.34168     135
    3   26 25875.00000 36592.50000     0.35678     140
    3   27 25875.00000 38027.50000     0.36810      62
    3   28 25875.00000 39462.50000     0.38142      31
    3   29 25875.00000 40897.50000     0.40803       5
    3   30 25875.00000 42332.50000     0.00000       0
    3   31 25875.00000 43767.50000     0.00000       0
    3   32 25875.00000 45202.50000     0.00000       0
    3   33 25875.00000 46637.50000     0.00000       0
    3   34 25875.00000 48072.50000     0.00000       0
    3   35 25875.00000 49507.50000     0.00000       0
    3   36 25875.00000 50942.50000     0.00000       0
    3   37 25875.00000 52377.50000     0.00000       0
    3   38 25875.00000 53812.50000     0.00000       0
    3   39 25875.00000 55247.50000     0.00000       0
    3   40 25875.00000 56682.50000     0.00000       0
    3   41 25875.00000 58117.50000     0.00000       0
    3   42 25875.00000 59552.50000     0.00000       0
    3   43 25875.00000 60987.50000     0.00000       0
    3   44 25875.00000 62422.50000     0.00000       0
    3   45 25875.00000 63857.50000     0.00000       0
    3   46 25875.00000 65292.50000     0.00000       0
    3   47 25875.00000 66727.50000     0.00000       0
    3   48 25875.00000 68162.50000     0.00000       0
    3   49 25875.00000 69597.50000     0.00000       0
    3   50 25875.00000 71032.50000     0.00000       0
    4    1 25625.00000   717.50000     0.31281       5
    4    2 25625.00000  2152.50000     0.27339      20
    4    3 25625.00000  3587.50000     0.29835      21
    4    4 25625.00000  5022.50000     0.28107      59
    4    5 25625.00000  6457.50000     0.29940      31
    4    6 25625.00000  7892.50000     0.28434      74
    4    7 25625.00000  9327.50000     0.29072      54
    4    8 25625.00000 10762.50000     0.28180      89
    4    9 25625.00000 12197.50000     0.28632      93
    4   10 25625.00000 13632.50000     0.28679     116
    4   11 25625.00000 15067.50000     0.28111     104
    4   12 25625.00000 16502.50000     0.28225     118
    4   13 25625.00000 17937.50000     0.28670     149
    4   14 25625.00000 19372.50000     0.29402     144
    4   15 25625.00000 20807.50000     0.29231     140
    4   16 25625.00000 22242.50000     0.29475     158
    4   17 25625.00000 23677.50000     0.29176     170
    4   18 25625.00000 25112.50000     0.28893     213
    4   19 25625.00000 26547.50000     0.29093     173
    4   20 25625.00000 27982.50000     0.28210     170
    4   21 25625.00000 29417.50000     0.30201     172
    4   22 25625.00000 30852.50000     0.29518     212
    4   23 25625.00000 32287.50000     0.30565     210
    4   24 25625.00000 33722.50000     0.30978     203
    4   25 25625.00000 35157.50000     0.33864     167
    4   26 25625.00000 36592.50000     0.34639     156
    4   27 25625.00000 38027.50000     0.36256      59
    4   28 25625.00000 39462.50000     0.38532      20
    4   29 25625.00000 40897.50000     0.00000       0
    4   30 25625.00000 42332.50000     0.00000       0
    4   31 25625.00000 43767.50000     0.00000       0
    4   32 25625.00000 45202.50000     0.00000       0
    4   33 25625.00000 46637.50000     0.00000       0
    4   34 25625.00000 48072.50000     0.00000       0
    4   35 25625.00000 49507.50000     0.00000       0
    4   36 25625.00000 50942.50000     0.00000       0
    4   37 25625.00000 52377.50000     0.00000       0
    4   38 25625.00000 53812.50000     0.00000       0
    4   39 25625.00000 55247.50000     0.00000       0
    4   40 25625.00000 56682.50000     0.00000       0
    4   41 25625.00000 58117.50000     0.00000       0
    4   42 25625.00000 59552.50000     0.00000       0
    4   43 25625.00000 60987.50000     0.00000       0
    4   44 25625.00000 62422.50000     0.00000       0
    4   45 25625.00000 63857.50000     0.00000       0
    4   46 25625.00000 65292.50000     0.00000       0
    4   47 25625.00000 66727.50000     0.00000       0
    4   48 25625.00000 68162.50000     0.00000       0
    4   49 25625.00000 69597.50000     0.00000       0
    4   50 25625.00000 71032.50000     0.00000       0
    5    1 25375.00000   717.50000     0.29808       6
    5    2 25375.00000  2152.50000     0.27528      22
    5    3 25375.00000  3587.50000     0.29672      22
    5    4 25375.00000  5022.50000     0.28024      64
    5    5 25375.00000  6457.50000     0.29234      35
    5    6 25375.00000  7892.50000     0.27960      82
    5    7 25375.00000  9327.50000     0.28264      59
    5    8 25375.00000 10762.50000     0.27599      93
    5    9 25375.00000 12197.50000     0.27987     109
    5   10 25375.00000 13632.50000     0.28124     124
    5   11 25375.00000 15067.50000     0.27809     121
    5   12 25375.00000 16502.50000     0.27934     130
    5   13 25375.00000 17937.50000     0.28603     162
    5   14 25375.00000 19372.50000     0.29240     152
    5   15 25375.00000 20807.50000     0.28642     164
    5   16 25375.00000 22242.50000     0.28153     173
    5   17 25375.00000 23677.50000     0.28374     171
    5   18 25375.00000 25112.50000     0.27902     252
    5   19 25375.00000 26547.50000     0.28224     185
    5   20 25375.00000 27982.50000     0.27001     199
    5   21 25375.00000 29417.50000     0.29739     195
    5   22 25375.00000 30852.50000     0.28204     254
    5   23 25375.00000 32287.50000     0.29691     234
    5   24 25375.00000 33722.50000     0.30741     219
    5   25 25375.00000 35157.50000     0.32924     203
    5   26 25375.00000 36592.50000     0.33957     113
    5   27 25375.00000 38027.50000     0.36590      52
    5   28 25375.00000 39462.50000     0.38533       5
    5   29 25375.00000 40897.50000     0.00000       0
    5   30 25375.00000 42332.50000     0.00000       0
    5   31 25375.00000 43767.50000     0.00000       0
    5   32 25375.00000 45202.50000     0.00000       0
    5   33 25375.00000 46637.50000     0.00000       0
    5   34 25375.00000 48072.50000     0.00000       0
    5   35 25375.00000 49507.50000     0.00000       0
    5   36 25375.00000 50942.50000     0.00000       0
    5   37 25375.00000 52377.50000     0.00000       0
    5   38 25375.00000 53812.50000     0.00000       0
    5   39 25375.00000 55247.50000     0.00000       0
    5   40 25375.00000 56682.50000     0.00000       0
    5   41 25375.00000 58117.50000     0.00000       0
    5   42 25375.00000 59552.50000     0.00000       0
    5   43 25375.00000 60987.50000     0.00000       0
    5   44 25375.00000 62422.50000     0.00000       0
    5   45 25375.00000 63857.50000     0.00000       0
    5   46 25375.00000 65292.50000     0.00000       0
    5   47 25375.00000 66727.50000     0.00000       0
    5   48 25375.00000 68162.50000     0.00000       0
    5   49 25375.00000 69597.50000     0.00000       0
    5   50 25375.00000 71032.50000     0.00000       0
    6    1 25125.00000   717.50000     0.29836       6
    6    2 25125.00000  2152.50000     0.27726      20
    6    3 25125.00000  3587.50000     0.29098      25
    6    4 25125.00000  5022.50000     0.27726      66
    6    5 25125.00000  6457.50000     0.29050      31
    6    6 25125.00000  7892.50000     0.28032      87
    6    7 25125.00000  9327.50000     0.27654      58
    6    8 25125.00000 10762.50000     0.27176      95
    6    9 25125.00000 12197.50000     0.27736     109
    6   10 25125.00000 13632.50000     0.27846     122
    6   11 25125.00000 15067.50000     0.26900     131
    6   12 25125.00000 16502.50000     0.27685     127
    6   13 25125.00000 17937.50000     0.28319     164
    6   14 25125.00000 19372.50000     0.28647     154
    6   15 25125.00000 20807.50000     0.27791     159
    6   16 25125.00000 22242.50000     0.27794     182
    6   17 25125.00000 23677.50000     0.27276     185
    6   18 25125.00000 25112.50000     0.27257     252
    6   19 25125.00000 26547.50000     0.26899     186
    6   20 25125.00000 27982.50000     0.26395     205
    6   21 25125.00000 29417.50000     0.28302     217
    6   22 25125.00000 30852.50000     0.27479     268
    6   23 25125.00000 32287.50000     0.28715     229
    6   24 25125.00000 33722.50000     0.30890     210
    6   25 25125.00000 35157.50000     0.32189     200
    6   26 25125.00000 36592.50000     0.34579      87
    6   27 25125.00000 38027.50000     0.34896      25
    6   28 25125.00000 39462.50000     0.00000       0
    6   29 25125.00000 40897.50000     0.00000       0
    6   30 25125.00000 42332.50000     0.00000       0
    6   31 25125.00000 43767.50000     0.00000       0
    6   32 25125.00000 45202.50000     0.00000       0
    6   33 25125.00000 46637.50000     0.00000       0
    6   34 25125.00000 48072.50000     0.00000       0
    6   35 25125.00000 49507.50000     0.00000       0
    6   36 25125.00000 50942.50000     0.00000       0
    6   37 25125.00000 52377.50000     0.00000       0
    6   38 25125.00000 53812.50000     0.00000       0
    6   39 25125.00000 55247.50000     0.00000       0
    6   40 25125.00000 56682.50000     0.00000       0
    6   41 25125.00000 58117.50000     0.00000       0
    6   42 25125.00000 59552.50000     0.00000       0
    6   43 25125.00000 60987.50000     0.00000       0
    6   44 25125.00000 62422.50000     0.00000       0
    6   45 25125.00000 63857.50000     0.00000       0
    6   46 25125.00000 65292.50000     0.00000       0
    6   47 25125.00000 66727.50000     0.00000       0
    6   48 25125.00000 68162.50000     0.00000       0
    6   49 25125.00000 69597.50000     0.00000       0
    6   50 25125.00000 71032.50000     0.00000       0
    7    1 24875.00000   717.50000     0.29681       7
    7    2 24875.00000  2152.50000     0.27495      19
    7    3 24875.00000  3587.50000     0.29010      28
    7    4 24875.00000  5022.50000     0.27780      63
    7    5 24875.00000  6457.50000     0.28495      28
    7    6 24875.00000  7892.50000     0.28102      92
    7    7 24875.00000  9327.50000     0.27438      52
    7    8 24875.00000 10762.50000     0.27283     101
    7    9 24875.00000 12197.50000     0.27797     107
    7   10 24875.00000 13632.50000     0.27573     119
    7   11 24875.00000 15067.50000     0.27038     146
    7   12 24875.00000 16502.50000     0.27160     122
    7   13 24875.00000 17937.50000     0.27899     159
    7   14 24875.00000 19372.50000     0.27762     165
    7   15 24875.00000 20807.50000     0.27195     165
    7   16 24875.00000 22242.50000     0.27238     184
    7   17 24875.00000 23677.50000     0.26414     204
    7   18 24875.00000 25112.50000     0.26790     236
    7   19 24875.00000 26547.50000     0.25612     197
    7   20 24875.00000 27982.50000     0.25911     206
    7   21 24875.00000 29417.50000     0.27143     248
    7   22 24875.00000 30852.50000     0.27077     257
    7   23 24875.00000 32287.50000     0.28095     238
    7   24 24875.00000 33722.50000     0.30783     220
    7   25 24875.00000 35157.50000     0.31429     165
    7   26 24875.00000 36592.50000     0.34831      65
    7   27 24875.00000 38027.50000     0.34639       7
    7   28 24875.00000 39462.50000     0.00000       0
    7   29 24875.00000 40897.50000     0.00000       0
    7   30 24875.00000 42332.50000     0.00000       0
    7   31 24875.00000 43767.50000     0.00000       0
    7   32 24875.00000 45202.50000     0.00000       0
    7   33 24875.00000 46637.50000     0.00000       0
    7   34 24875.00000 48072.50000     0.00000       0
    7   35 24875.00000 49507.50000     0.00000       0
    7   36 24875.00000 50942.50000     0.00000       0
    7   37 24875.00000 52377.50000     0.00000       0
    7   38 24875.00000 53812.50000     0.00000       0
    7   39 24875.00000 55247.50000     0.00000       0
    7   40 24875.00000 56682.50000     0.00000       0
    7   41 24875.00000 58117.50000     0.00000       0
    7   42 24875.00000 59552.50000     0.00000       0
    7   43 24875.00000 60987.50000     0.00000       0
    7   44 24875.00000 62422.50000     0.00000       0
    7   45 24875.00000 63857.50000     0.00000       0
    7   46 24875.00000 65292.50000     0.00000       0
    7   47 24875.00000 66727.50000     0.00000       0
    7   48 24875.00000 68162.50000     0.00000       0
    7   49 24875.00000 69597.50000     0.00000       0
    7   50 24875.00000 71032.50000     0.00000       0
    8    1 24625.00000   717.50000     0.29178       8
    8    2 24625.00000  2152.50000     0.28140      26
    8    3 24625.00000  3587.50000     0.27533      38
    8    4 24625.00000  5022.50000     0.27350      86
    8    5 24625.00000  6457.50000     0.28145      42
    8    6 24625.00000  7892.50000     0.27671     124
    8    7 24625.00000  9327.50000     0.26987      78
    8    8 24625.00000 10762.50000     0.27062     126
    8    9 24625.00000 12197.50000     0.27793     151
    8   10 24625.00000 13632.50000     0.27033     155
    8   11 24625.00000 15067.50000     0.26780     195
    8   12 24625.00000 16502.50000     0.26706     160
    8   13 24625.00000 17937.50000     0.27253     227
    8   14 24625.00000 19372.50000     0.27160     216
    8   15 24625.00000 20807.50000     0.26289     220
    8   16 24625.00000 22242.50000     0.26044     247
    8   17 24625.00000 23677.50000     0.25405     296
    8   18 24625.00000 25112.50000     0.26120     314
    8   19 24625.00000 26547.50000     0.24725     263
    8   20 24625.00000 27982.50000     0.25710     285
    8   21 24625.00000 29417.50000     0.25486     350
    8   22 24625.00000 30852.50000     0.26172     353
    8   23 24625.00000 32287.50000     0.27923     318
    8   24 24625.00000 33722.50000     0.30230     294
    8   25 24625.00000 35157.50000     0.31586     166
    8   26 24625.00000 36592.50000     0.33686      61
    8   27 24625.00000 38027.50000     0.32529       1
    8   28 24625.00000 39462.50000     0.00000       0
    8   29 24625.00000 40897.50000     0.00000       0
    8   30 24625.00000 42332.50000     0.00000       0
    8   31 24625.00000 43767.50000     0.00000       0
    8   32 24625.00000 45202.50000     0.00000       0
    8   33 24625.00000 46637.50000     0.00000       0
    8   34 24625.00000 48072.50000     0.00000       0
    8   35 24625.00000 49507.50000     0.00000       0
    8   36 24625.00000 50942.50000     0.00000       0
    8   37 24625.00000 52377.50000     0.00000       0
    8   38 24625.00000 53812.50000     0.00000       0
    8   39 24625.00000 55247.50000     0.00000       0
    8   40 24625.00000 56682.50000     0.00000       0
    8   41 24625.00000 58117.50000     0.00000       0
    8   42 24625.00000 59552.50000     0.00000       0
    8   43 24625.00000 60987.50000     0.00000       0
    8   44 24625.00000 62422.50000     0.00000       0
    8   45 24625.00000 63857.50000     0.00000       0
    8   46 24625.00000 65292.50000     0.00000       0
    8   47 24625.00000 66727.50000     0.00000       0
    8   48 24625.00000 68162.50000     0.00000       0
    8   49 24625.00000 69597.50000     0.00000       0
    8   50 24625.00000 71032.50000     0.00000       0
    9    1 24375.00000   717.50000     0.28737       6
    9    2 24375.00000  2152.50000     0.27465      23
    9    3 24375.00000  3587.50000     0.28311      33
    9    4 24375.00000  5022.50000     0.27348      65
    9    5 24375.00000  6457.50000     0.28403      41
    9    6 24375.00000  7892.50000     0.27400      88
    9    7 24375.00000  9327.50000     0.26904      74
    9    8 24375.00000 10762.50000     0.27166     102
    9    9 24375.00000 12197.50000     0.27385     121
    9   10 24375.00000 13632.50000     0.26934     116
    9   11 24375.00000 15067.50000     0.26374     176
    9   12 24375.00000 16502.50000     0.26001     125
    9   13 24375.00000 17937.50000     0.26522     206
    9   14 24375.00000 19372.50000     0.26396     168
    9   15 24375.00000 20807.50000     0.25808     188
    9   16 24375.00000 22242.50000     0.25320     191
    9   17 24375.00000 23677.50000     0.24594     252
    9   18 24375.00000 25112.50000     0.25270     250
    9   19 24375.00000 26547.50000     0.24011     251
    9   20 24375.00000 27982.50000     0.25004     218
    9   21 24375.00000 29417.50000     0.25016     308
    9   22 24375.00000 30852.50000     0.25509     287
    9   23 24375.00000 32287.50000     0.27929     262
    9   24 24375.00000 33722.50000     0.29807     237
    9   25 24375.00000 35157.50000     0.32250      89
    9   26 24375.00000 36592.50000     0.32046      23
    9   27 24375.00000 38027.50000     0.00000       0
    9   28 24375.00000 39462.50000     0.00000       0
    9   29 24375.00000 40897.50000     0.00000       0
    9   30 24375.00000 42332.50000     0.00000       0
    9   31 24375.00000 43767.50000     0.00000       0
    9   32 24375.00000 45202.50000     0.00000       0
    9   33 24375.00000 46637.50000     0.00000       0
    9   34 24375.00000 48072.50000     0.00000       0
    9   35 24375.00000 49507.50000     0.00000       0
    9   36 24375.00000 50942.50000     0.00000       0
    9   37 24375.00000 52377.50000     0.00000       0
    9   38 24375.00000 53812.50000     0.00000       0
    9   39 24375.00000 55247.50000     0.00000       0
    9   40 24375.00000 56682.50000     0.00000       0
    9   41 24375.00000 58117.50000     0.00000       0
    9   42 24375.00000 59552.50000     0.00000       0
    9   43 24375.00000 60987.50000     0.00000       0
    9   44 24375.00000 62422.50000     0.00000       0
    9   45 24375.00000 63857.50000     0.00000       0
    9   46 24375.00000 65292.50000     0.00000       0
    9   47 24375.00000 66727.50000     0.00000       0
    9   48 24375.00000 68162.50000     0.00000       0
    9   49 24375.00000 69597.50000     0.00000       0
    9   50 24375.00000 71032.50000     0.00000       0
   10    1 24125.00000   717.50000     0.27354      12
   10    2 24125.00000  2152.50000     0.27027      29
   10    3 24125.00000  3587.50000     0.27628      36
   10    4 24125.00000  5022.50000     0.27095      88
   10    5 24125.00000  6457.50000     0.28302      57
   10    6 24125.00000  7892.50000     0.26995     113
   10    7 24125.00000  9327.50000     0.26633     108
   10    8 24125.00000 10762.50000     0.26983     119
   10    9 24125.00000 12197.50000     0.26624     195
   10   10 24125.00000 13632.50000     0.26480     132
   10   11 24125.00000 15067.50000     0.25688     226
   10   12 24125.00000 16502.50000     0.26019     164
   10   13 24125.00000 17937.50000     0.25886     271
   10   14 24125.00000 19372.50000     0.25846     227
   10   15 24125.00000 20807.50000     0.25252     268
   10   16 24125.00000 22242.50000     0.24227     245
   10   17 24125.00000 23677.50000     0.23751     341
   10   18 24125.00000 25112.50000     0.24232     322
   10   19 24125.00000 26547.50000     0.23359     361
   10   20 24125.00000 27982.50000     0.24417     289
   10   21 24125.00000 29417.50000     0.24290     437
   10   22 24125.00000 30852.50000     0.25485     359
   10   23 24125.00000 32287.50000     0.28034     354
   10   24 24125.00000 33722.50000     0.29522     261
   10   25 24125.00000 35157.50000     0.32466      76
   10   26 24125.00000 36592.50000     0.32105      10
   10   27 24125.00000 38027.50000     0.00000       0
   10   28 24125.00000 39462.50000     0.00000       0
   10   29 24125.00000 40897.50000     0.00000       0
   10   30 24125.00000 42332.50000     0.00000       0
   10   31 24125.00000 43767.50000     0.00000       0
   10   32 24125.00000 45202.50000     0.00000       0
   10   33 24125.00000 46637.50000     0.00000       0
   10   34 24125.00000 48072.50000     0.00000       0
   10   35 24125.00000 49507.50000     0.00000       0
   10   36 24125.00000 50942.50000     0.00000       0
   10   37 24125.00000 52377.50000     0.00000       0
   10   38 24125.00000 53812.50000     0.00000       0
   10   39 24125.00000 55247.50000     0.00000       0
   10   40 24125.00000 56682.50000     0.00000       0
   10   41 24125.00000 58117.50000     0.00000       0
   10   42 24125.00000 59552.50000     0.00000       0
   10   43 24125.00000 60987.50000     0.00000       0
   10   44 24125.00000 62422.50000     0.00000       0
   10   45 24125.00000 63857.50000     0.00000       0
   10   46 24125.00000 65292.50000     0.00000       0
   10   47 24125.00000 66727.50000     0.00000       0
   10   48 24125.00000 68162.50000     0.00000       0
   10   49 24125.00000 69597.50000     0.00000       0
   10   50 24125.00000 71032.50000     0.00000       0
   11    1 23875.00000   717.50000     0.27422      12
   11    2 23875.00000  2152.50000     0.26799      30
   11    3 23875.00000  3587.50000     0.27798      40
   11    4 23875.00000  5022.50000     0.26605      90
   11    5 23875.00000  6457.50000     0.27459      67
   11    6 23875.00000  7892.50000     0.26817     121
   11    7 23875.00000  9327.50000     0.26746     112
   11    8 23875.00000 10762.50000     0.26740     132
   11    9 23875.00000 12197.50000     0.26532     196
   11   10 23875.00000 13632.50000     0.25904     155
   11   11 23875.00000 15067.50000     0.25460     229
   11   12 23875.00000 16502.50000     0.25124     192
   11   13 23875.00000 17937.50000     0.25425     296
   11   14 23875.00000 19372.50000     0.24895     225
   11   15 23875.00000 20807.50000     0.24383     325
   11   16 23875.00000 22242.50000     0.23666     253
   11   17 23875.00000 23677.50000     0.22958     364
   11   18 23875.00000 25112.50000     0.23509     345
   11   19 23875.00000 26547.50000     0.22431     376
   11   20 23875.00000 27982.50000     0.23789     345
   11   21 23875.00000 29417.50000     0.23546     488
   11   22 23875.00000 30852.50000     0.25498     349
   11   23 23875.00000 32287.50000     0.27581     414
   11   24 23875.00000 33722.50000     0.29939     174
   11   25 23875.00000 35157.50000     0.32042      69
   11   26 23875.00000 36592.50000     0.31748       1
   11   27 23875.00000 38027.50000     0.00000       0
   11   28 23875.00000 39462.50000     0.00000       0
   11   29 23875.00000 40897.50000     0.00000       0
   11   30 23875.00000 42332.50000     0.00000       0
   11   31 23875.00000 43767.50000     0.00000       0
   11   32 23875.00000 45202.50000     0.00000       0
   11   33 23875.00000 46637.50000     0.00000       0
   11   34 23875.00000 48072.50000     0.00000       0
   11   35 23875.00000 49507.50000     0.00000       0
   11   36 23875.00000 50942.50000     0.00000       0
   11   37 23875.00000 52377.50000     0.00000       0
   11   38 23875.00000 53812.50000     0.00000       0
   11   39 23875.00000 55247.50000     0.00000       0
   11   40 23875.00000 56682.50000     0.00000       0
   11   41 23875.00000 58117.50000     0.00000       0
   11   42 23875.00000 59552.50000     0.00000       0
   11   43 23875.00000 60987.50000     0.00000       0
   11   44 23875.00000 62422.50000     0.00000       0
   11   45 23875.00000 63857.50000     0.00000       0
   11   46 23875.00000 65292.50000     0.00000       0
   11   47 23875.00000 66727.50000     0.00000       0
   11   48 23875.00000 68162.50000     0.00000       0
   11   49 23875.00000 69597.50000     0.00000       0
   11   50 23875.00000 71032.50000     0.00000       0
   12    1 23625.00000   717.50000     0.27353      13
   12    2 23625.00000  2152.50000     0.26775      31
   12    3 23625.00000  3587.50000     0.27365      49
   12    4 23625.00000  5022.50000     0.26250      85
   12    5 23625.00000  6457.50000     0.27054      73
   12    6 23625.00000  7892.50000     0.26424     135
   12    7 23625.00000  9327.50000     0.26036     119
   12    8 23625.00000 10762.50000     0.26705     152
   12    9 23625.00000 12197.50000     0.25824     197
   12   10 23625.00000 13632.50000     0.25278     158
   12   11 23625.00000 15067.50000     0.25196     247
   12   12 23625.00000 16502.50000     0.24804     213
   12   13 23625.00000 17937.50000     0.24783     313
   12   14 23625.00000 19372.50000     0.24154     231
   12   15 23625.00000 20807.50000     0.23771     362
   12   16 23625.00000 22242.50000     0.22786     291
   12   17 23625.00000 23677.50000     0.22327     390
   12   18 23625.00000 25112.50000     0.22692     367
   12   19 23625.00000 26547.50000     0.21815     394
   12   20 23625.00000 27982.50000     0.23013     415
   12   21 23625.00000 29417.50000     0.23143     492
   12   22 23625.00000 30852.50000     0.25724     393
   12   23 23625.00000 32287.50000     0.27535     401
   12   24 23625.00000 33722.50000     0.30186     139
   12   25 23625.00000 35157.50000     0.31843      40
   12   26 23625.00000 36592.50000     0.00000       0
   12   27 23625.00000 38027.50000     0.00000       0
   12   28 23625.00000 39462.50000     0.00000       0
   12   29 23625.00000 40897.50000     0.00000       0
   12   30 23625.00000 42332.50000     0.00000       0
   12   31 23625.00000 43767.50000     0.00000       0
   12   32 23625.00000 45202.50000     0.00000       0
   12   33 23625.00000 46637.50000     0.00000       0
   12   34 23625.00000 48072.50000     0.00000       0
   12   35 23625.00000 49507.50000     0.00000       0
   12   36 23625.00000 50942.50000     0.00000       0
   12   37 23625.00000 52377.50000     0.00000       0
   12   38 23625.00000 53812.50000     0.00000       0
   12   39 23625.00000 55247.50000     0.00000       0
   12   40 23625.00000 56682.50000     0.00000       0
   12   41 23625.00000 58117.50000     0.00000       0
   12   42 23625.00000 59552.50000     0.00000       0
   12   43 23625.00000 60987.50000     0.00000       0
   12   44 23625.00000 62422.50000     0.00000       0
   12   45 23625.00000 63857.50000     0.00000       0
   12   46 23625.00000 65292.50000     0.00000       0
   12   47 23625.00000 66727.50000     0.00000       0
   12   48 23625.00000 68162.50000     0.00000       0
   12   49 23625.00000 69597.50000     0.00000       0
   12   50 23625.00000 71032.50000     0.00000       0
   13    1 23375.00000   717.50000     0.28561      16
   13    2 23375.00000  2152.50000     0.25833      40
   13    3 23375.00000  3587.50000     0.27098      63
   13    4 23375.00000  5022.50000     0.25562     112
   13    5 23375.00000  6457.50000     0.26900      93
   13    6 23375.00000  7892.50000     0.25752     172
   13    7 23375.00000  9327.50000     0.25159     144
   13    8 23375.00000 10762.50000     0.25935     214
   13    9 23375.00000 12197.50000     0.25091     227
   13   10 23375.00000 13632.50000     0.24538     233
   13   11 23375.00000 15067.50000     0.24671     291
   13   12 23375.00000 16502.50000     0.24107     298
   13   13 23375.00000 17937.50000     0.23989     391
   13   14 23375.00000 19372.50000     0.23512     307
   13   15 23375.00000 20807.50000     0.23038     434
   13   16 23375.00000 22242.50000     0.22301     412
   13   17 23375.00000 23677.50000     0.21610     509
   13   18 23375.00000 25112.50000     0.21783     468
   13   19 23375.00000 26547.50000     0.21596     497
   13   20 23375.00000 27982.50000     0.22190     592
   13   21 23375.00000 29417.50000     0.23024     565
   13   22 23375.00000 30852.50000     0.25559     548
   13   23 23375.00000 32287.50000     0.27768     400
   13   24 23375.00000 33722.50000     0.30178     143
   13   25 23375.00000 35157.50000     0.31280      31
   13   26 23375.00000 36592.50000     0.00000       0
   13   27 23375.00000 38027.50000     0.00000       0
   13   28 23375.00000 39462.50000     0.00000       0
   13   29 23375.00000 40897.50000     0.00000       0
   13   30 23375.00000 42332.50000     0.00000       0
   13   31 23375.00000 43767.50000     0.00000       0
   13   32 23375.00000 45202.50000     0.00000       0
   13   33 23375.00000 46637.50000     0.00000       0
   13   34 23375.00000 48072.50000     0.00000       0
   13   35 23375.00000 49507.50000     0.00000       0
   13   36 23375.00000 50942.50000     0.00000       0
   13   37 23375.00000 52377.50000     0.00000       0
   13   38 23375.00000 53812.50000     0.00000       0
   13   39 23375.00000 55247.50000     0.00000       0
   13   40 23375.00000 56682.50000     0.00000       0
   13   41 23375.00000 58117.50000     0.00000       0
   13   42 23375.00000 59552.50000     0.00000       0
   13   43 23375.00000 60987.50000     0.00000       0
   13   44 23375.00000 62422.50000     0.00000       0
   13   45 23375.00000 63857.50000     0.00000       0
   13   46 23375.00000 65292.50000     0.00000       0
   13   47 23375.00000 66727.50000     0.00000       0
   13   48 23375.00000 68162.50000     0.00000       0
   13   49 23375.00000 69597.50000     0.00000       0
   13   50 23375.00000 71032.50000     0.00000       0
   14    1 23125.00000   717.50000     0.26495      19
   14    2 23125.00000  2152.50000     0.25751      31
   14    3 23125.00000  3587.50000     0.26040      59
   14    4 23125.00000  5022.50000     0.24851     104
   14    5 23125.00000  6457.50000     0.26443      84
   14    6 23125.00000  7892.50000     0.25478     154
   14    7 23125.00000  9327.50000     0.25063     149
   14    8 23125.00000 10762.50000     0.25365     187
   14    9 23125.00000 12197.50000     0.24574     225
   14   10 23125.00000 13632.50000     0.24247     214
   14   11 23125.00000 15067.50000     0.23606     272
   14   12 23125.00000 16502.50000     0.23942     274
   14   13 23125.00000 17937.50000     0.22927     364
   14   14 23125.00000 19372.50000     0.22769     309
   14   15 23125.00000 20807.50000     0.22110     389
   14   16 23125.00000 22242.50000     0.21529     418
   14   17 23125.00000 23677.50000     0.21242     440
   14   18 23125.00000 25112.50000     0.21210     478
   14   19 23125.00000 26547.50000     0.21346     419
   14   20 23125.00000 27982.50000     0.21825     618
   14   21 23125.00000 29417.50000     0.23349     472
   14   22 23125.00000 30852.50000     0.25696     552
   14   23 23125.00000 32287.50000     0.27918     264
   14   24 23125.00000 33722.50000     0.30584      99
   14   25 23125.00000 35157.50000     0.31616       6
   14   26 23125.00000 36592.50000     0.00000       0
   14   27 23125.00000 38027.50000     0.00000       0
   14   28 23125.00000 39462.50000     0.00000       0
   14   29 23125.00000 40897.50000     0.00000       0
   14   30 23125.00000 42332.50000     0.00000       0
   14   31 23125.00000 43767.50000     0.00000       0
   14   32 23125.00000 45202.50000     0.00000       0
   14   33 23125.00000 46637.50000     0.00000       0
   14   34 23125.00000 48072.50000     0.00000       0
   14   35 23125.00000 49507.50000     0.00000       0
   14   36 23125.00000 50942.50000     0.00000       0
   14   37 23125.00000 52377.50000     0.00000       0
   14   38 23125.00000 53812.50000     0.00000       0
   14   39 23125.00000 55247.50000     0.00000       0
   14   40 23125.00000 56682.50000     0.00000       0
   14   41 23125.00000 58117.50000     0.00000       0
   14   42 23125.00000 59552.50000     0.00000       0
   14   43 23125.00000 60987.50000     0.00000       0
   14   44 23125.00000 62422.50000     0.00000       0
   14   45 23125.00000 63857.50000     0.00000       0
   14   46 23125.00000 65292.50000     0.00000       0
   14   47 23125.00000 66727.50000     0.00000       0
   14   48 23125.00000 68162.50000     0.00000       0
   14   49 23125.00000 69597.50000     0.00000       0
   14   50 23125.00000 71032.50000     0.00000       0
   15    1 22875.00000   717.50000     0.26377      24
   15    2 22875.00000  2152.50000     0.25192      35
   15    3 22875.00000  3587.50000     0.25644      64
   15    4 22875.00000  5022.50000     0.24755     135
   15    5 22875.00000  6457.50000     0.26060      99
   15    6 22875.00000  7892.50000     0.24975     185
   15    7 22875.00000  9327.50000     0.24767     182
   15    8 22875.00000 10762.50000     0.24797     214
   15    9 22875.00000 12197.50000     0.24120     286
   15   10 22875.00000 13632.50000     0.23683     248
   15   11 22875.00000 15067.50000     0.23051     335
   15   12 22875.00000 16502.50000     0.23046     360
   15   13 22875.00000 17937.50000     0.22531     400
   15   14 22875.00000 19372.50000     0.21973     387
   15   15 22875.00000 20807.50000     0.21797     446
   15   16 22875.00000 22242.50000     0.20744     527
   15   17 22875.00000 23677.50000     0.20954     521
   15   18 22875.00000 25112.50000     0.20500     606
   15   19 22875.00000 26547.50000     0.21199     506
   15   20 22875.00000 27982.50000     0.21272     719
   15   21 22875.00000 29417.50000     0.23523     549
   15   22 22875.00000 30852.50000     0.25712     671
   15   23 22875.00000 32287.50000     0.28825     221
   15   24 22875.00000 33722.50000     0.30831      79
   15   25 22875.00000 35157.50000     0.31871       1
   15   26 22875.00000 36592.50000     0.00000       0
   15   27 22875.00000 38027.50000     0.00000       0
   15   28 22875.00000 39462.50000     0.00000       0
   15   29 22875.00000 40897.50000     0.00000       0
   15   30 22875.00000 42332.50000     0.00000       0
   15   31 22875.00000 43767.50000     0.00000       0
   15   32 22875.00000 45202.50000     0.00000       0
   15   33 22875.00000 46637.50000     0.00000       0
   15   34 22875.00000 48072.50000     0.00000       0
   15   35 22875.00000 49507.50000     0.00000       0
   15   36 22875.00000 50942.50000     0.00000       0
   15   37 22875.00000 52377.50000     0.00000       0
   15   38 22875.00000 53812.50000     0.00000       0
   15   39 22875.00000 55247.50000     0.00000       0
   15   40 22875.00000 56682.50000     0.00000       0
   15   41 22875.00000 58117.50000     0.00000       0
   15   42 22875.00000 59552.50000     0.00000       0
   15   43 22875.00000 60987.50000     0.00000       0
   15   44 22875.00000 62422.50000     0.00000       0
   15   45 22875.00000 63857.50000     0.00000       0
   15   46 22875.00000 65292.50000     0.00000       0
   15   47 22875.00000 66727.50000     0.00000       0
   15   48 22875.00000 68162.50000     0.00000       0
   15   49 22875.00000 69597.50000     0.00000       0
   15   50 22875.00000 71032.50000     0.00000       0
   16    1 22625.00000   717.50000     0.27198      21
   16    2 22625.00000  2152.50000     0.24955      32
   16    3 22625.00000  3587.50000     0.25307      80
   16    4 22625.00000  5022.50000     0.24533     122
   16    5 22625.00000  6457.50000     0.24985      99
   16    6 22625.00000  7892.50000     0.24625     201
   16    7 22625.00000  9327.50000     0.24387     174
   16    8 22625.00000 10762.50000     0.24391     231
   16    9 22625.00000 12197.50000     0.23937     278
   16   10 22625.00000 13632.50000     0.22885     284
   16   11 22625.00000 15067.50000     0.22843     310
   16   12 22625.00000 16502.50000     0.21934     392
   16   13 22625.00000 17937.50000     0.22133     376
   16   14 22625.00000 19372.50000     0.21133     450
   16   15 22625.00000 20807.50000     0.21273     412
   16   16 22625.00000 22242.50000     0.19868     531
   16   17 22625.00000 23677.50000     0.20409     529
   16   18 22625.00000 25112.50000     0.19871     644
   16   19 22625.00000 26547.50000     0.20889     514
   16   20 22625.00000 27982.50000     0.21059     762
   16   21 22625.00000 29417.50000     0.23559     543
   16   22 22625.00000 30852.50000     0.25716     595
   16   23 22625.00000 32287.50000     0.29036     170
   16   24 22625.00000 33722.50000     0.30561      50
   16   25 22625.00000 35157.50000     0.00000       0
   16   26 22625.00000 36592.50000     0.00000       0
   16   27 22625.00000 38027.50000     0.00000       0
   16   28 22625.00000 39462.50000     0.00000       0
   16   29 22625.00000 40897.50000     0.00000       0
   16   30 22625.00000 42332.50000     0.00000       0
   16   31 22625.00000 43767.50000     0.00000       0
   16   32 22625.00000 45202.50000     0.00000       0
   16   33 22625.00000 46637.50000     0.00000       0
   16   34 22625.00000 48072.50000     0.00000       0
   16   35 22625.00000 49507.50000     0.00000       0
   16   36 22625.00000 50942.50000     0.00000       0
   16   37 22625.00000 52377.50000     0.00000       0
   16   38 22625.00000 53812.50000     0.00000       0
   16   39 22625.00000 55247.50000     0.00000       0
   16   40 22625.00000 56682.50000     0.00000       0
   16   41 22625.00000 58117.50000     0.00000       0
   16   42 22625.00000 59552.50000     0.00000       0
   16   43 22625.00000 60987.50000     0.00000       0
   16   44 22625.00000 62422.50000     0.00000       0
   16   45 22625.00000 63857.50000     0.00000       0
   16   46 22625.00000 65292.50000     0.00000       0
   16   47 22625.00000 66727.50000     0.00000       0
   16   48 22625.00000 68162.50000     0.00000       0
   16   49 22625.00000 69597.50000     0.00000       0
   16   50 22625.00000 71032.50000     0.00000       0
   17    1 22375.00000   717.50000     0.26144      26
   17    2 22375.00000  2152.50000     0.24295      39
   17    3 22375.00000  3587.50000     0.25183      98
   17    4 22375.00000  5022.50000     0.23803     142
   17    5 22375.00000  6457.50000     0.23784     123
   17    6 22375.00000  7892.50000     0.24085     247
   17    7 22375.00000  9327.50000     0.23485     200
   17    8 22375.00000 10762.50000     0.23481     282
   17    9 22375.00000 12197.50000     0.23239     349
   17   10 22375.00000 13632.50000     0.22267     370
   17   11 22375.00000 15067.50000     0.21989     351
   17   12 22375.00000 16502.50000     0.21436     490
   17   13 22375.00000 17937.50000     0.21228     459
   17   14 22375.00000 19372.50000     0.20366     570
   17   15 22375.00000 20807.50000     0.20658     496
   17   16 22375.00000 22242.50000     0.19368     671
   17   17 22375.00000 23677.50000     0.20100     605
   17   18 22375.00000 25112.50000     0.19523     753
   17   19 22375.00000 26547.50000     0.20273     672
   17   20 22375.00000 27982.50000     0.20725     877
   17   21 22375.00000 29417.50000     0.23879     717
   17   22 22375.00000 30852.50000     0.25535     563
   17   23 22375.00000 32287.50000     0.28861     168
   17   24 22375.00000 33722.50000     0.30753      32
   17   25 22375.00000 35157.50000     0.00000       0
   17   26 22375.00000 36592.50000     0.00000       0
   17   27 22375.00000 38027.50000     0.00000       0
   17   28 22375.00000 39462.50000     0.00000       0
   17   29 22375.00000 40897.50000     0.00000       0
   17   30 22375.00000 42332.50000     0.00000       0
   17   31 22375.00000 43767.50000     0.00000       0
   17   32 22375.00000 45202.50000     0.00000       0
   17   33 22375.00000 46637.50000     0.00000       0
   17   34 22375.00000 48072.50000     0.00000       0
   17   35 22375.00000 49507.50000     0.00000       0
   17   36 22375.00000 50942.50000     0.00000       0
   17   37 22375.00000 52377.50000     0.00000       0
   17   38 22375.00000 53812.50000     0.00000       0
   17   39 22375.00000 55247.50000     0.00000       0
   17   40 22375.00000 56682.50000     0.00000       0
   17   41 22375.00000 58117.50000     0.00000       0
   17   42 22375.00000 59552.50000     0.00000       0
   17   43 22375.00000 60987.50000     0.00000       0
   17   44 22375.00000 62422.50000     0.00000       0
   17   45 22375.00000 63857.50000     0.00000       0
   17   46 22375.00000 65292.50000     0.00000       0
   17   47 22375.00000 66727.50000     0.00000       0
   17   48 22375.00000 68162.50000     0.00000       0
   17   49 22375.00000 69597.50000     0.00000       0
   17   50 22375.00000 71032.50000     0.00000       0
   18    1 22125.00000   717.50000     0.24388      25
   18    2 22125.00000  2152.50000     0.23248      42
   18    3 22125.00000  3587.50000     0.24122     104
   18    4 22125.00000  5022.50000     0.23473     142
   18    5 22125.00000  6457.50000     0.23517     114
   18    6 22125.00000  7892.50000     0.23512     238
   18    7 22125.00000  9327.50000     0.22485     215
   18    8 22125.00000 10762.50000     0.22434     257
   18    9 22125.00000 12197.50000     0.22025     339
   18   10 22125.00000 13632.50000     0.21701     368
   18   11 22125.00000 15067.50000     0.21202     365
   18   12 22125.00000 16502.50000     0.20839     494
   18   13 22125.00000 17937.50000     0.20499     428
   18   14 22125.00000 19372.50000     0.20157     584
   18   15 22125.00000 20807.50000     0.19638     522
   18   16 22125.00000 22242.50000     0.18937     648
   18   17 22125.00000 23677.50000     0.19440     623
   18   18 22125.00000 25112.50000     0.19338     686
   18   19 22125.00000 26547.50000     0.19833     734
   18   20 22125.00000 27982.50000     0.20915     779
   18   21 22125.00000 29417.50000     0.23999     769
   18   22 22125.00000 30852.50000     0.25691     385
   18   23 22125.00000 32287.50000     0.29113     126
   18   24 22125.00000 33722.50000     0.30600      13
   18   25 22125.00000 35157.50000     0.00000       0
   18   26 22125.00000 36592.50000     0.00000       0
   18   27 22125.00000 38027.50000     0.00000       0
   18   28 22125.00000 39462.50000     0.00000       0
   18   29 22125.00000 40897.50000     0.00000       0
   18   30 22125.00000 42332.50000     0.00000       0
   18   31 22125.00000 43767.50000     0.00000       0
   18   32 22125.00000 45202.50000     0.00000       0
   18   33 22125.00000 46637.50000     0.00000       0
   18   34 22125.00000 48072.50000     0.00000       0
   18   35 22125.00000 49507.50000     0.00000       0
   18   36 22125.00000 50942.50000     0.00000       0
   18   37 22125.00000 52377.50000     0.00000       0
   18   38 22125.00000 53812.50000     0.00000       0
   18   39 22125.00000 55247.50000     0.00000       0
   18   40 22125.00000 56682.50000     0.00000       0
   18   41 22125.00000 58117.50000     0.00000       0
   18   42 22125.00000 59552.50000     0.00000       0
   18   43 22125.00000 60987.50000     0.00000       0
   18   44 22125.00000 62422.50000     0.00000       0
   18   45 22125.00000 63857.50000     0.00000       0
   18   46 22125.00000 65292.50000     0.00000       0
   18   47 22125.00000 66727.50000     0.00000       0
   18   48 22125.00000 68162.50000     0.00000       0
   18   49 22125.00000 69597.50000     0.00000       0
   18   50 22125.00000 71032.50000     0.00000       0
   19    1 21875.00000   717.50000     0.23158      29
   19    2 21875.00000  2152.50000     0.22250      51
   19    3 21875.00000  3587.50000     0.23376     116
   19    4 21875.00000  5022.50000     0.22895     173
   19    5 21875.00000  6457.50000     0.22454     124
   19    6 21875.00000  7892.50000     0.22665     276
   19    7 21875.00000  9327.50000     0.21980     252
   19    8 21875.00000 10762.50000     0.21646     317
   19    9 21875.00000 12197.50000     0.21136     373
   19   10 21875.00000 13632.50000     0.21015     419
   19   11 21875.00000 15067.50000     0.20479     439
   19   12 21875.00000 16502.50000     0.20019     569
   19   13 21875.00000 17937.50000     0.19715     479
   19   14 21875.00000 19372.50000     0.19489     683
   19   15 21875.00000 20807.50000     0.18884     611
   19   16 21875.00000 22242.50000     0.18544     764
   19   17 21875.00000 23677.50000     0.18656     700
   19   18 21875.00000 25112.50000     0.18893     788
   19   19 21875.00000 26547.50000     0.19268     930
   19   20 21875.00000 27982.50000     0.21108     805
   19   21 21875.00000 29417.50000     0.23907     874
   19   22 21875.00000 30852.50000     0.26601     328
   19   23 21875.00000 32287.50000     0.29246     100
   19   24 21875.00000 33722.50000     0.00000       0
   19   25 21875.00000 35157.50000     0.00000       0
   19   26 21875.00000 36592.50000     0.00000       0
   19   27 21875.00000 38027.50000     0.00000       0
   19   28 21875.00000 39462.50000     0.00000       0
   19   29 21875.00000 40897.50000     0.00000       0
   19   30 21875.00000 42332.50000     0.00000       0
   19   31 21875.00000 43767.50000     0.00000       0
   19   32 21875.00000 45202.50000     0.00000       0
   19   33 21875.00000 46637.50000     0.00000       0
   19   34 21875.00000 48072.50000     0.00000       0
   19   35 21875.00000 49507.50000     0.00000       0
   19   36 21875.00000 50942.50000     0.00000       0
   19   37 21875.00000 52377.50000     0.00000       0
   19   38 21875.00000 53812.50000     0.00000       0
   19   39 21875.00000 55247.50000     0.00000       0
   19   40 21875.00000 56682.50000     0.00000       0
   19   41 21875.00000 58117.50000     0.00000       0
   19   42 21875.00000 59552.50000     0.00000       0
   19   43 21875.00000 60987.50000     0.00000       0
   19   44 21875.00000 62422.50000     0.00000       0
   19   45 21875.00000 63857.50000     0.00000       0
   19   46 21875.00000 65292.50000     0.00000       0
   19   47 21875.00000 66727.50000     0.00000       0
   19   48 21875.00000 68162.50000     0.00000       0
   19   49 21875.00000 69597.50000     0.00000       0
   19   50 21875.00000 71032.50000     0.00000       0
   20    1 21625.00000   717.50000     0.22882      27
   20    2 21625.00000  2152.50000     0.21031      63
   20    3 21625.00000  3587.50000     0.22823     119
   20    4 21625.00000  5022.50000     0.22210     196
   20    5 21625.00000  6457.50000     0.21736     136
   20    6 21625.00000  7892.50000     0.21855     325
   20    7 21625.00000  9327.50000     0.21414     265
   20    8 21625.00000 10762.50000     0.20604     380
   20    9 21625.00000 12197.50000     0.20207     381
   20   10 21625.00000 13632.50000     0.20363     510
   20   11 21625.00000 15067.50000     0.19575     465
   20   12 21625.00000 16502.50000     0.19434     638
   20   13 21625.00000 17937.50000     0.18901     532
   20   14 21625.00000 19372.50000     0.18639     726
   20   15 21625.00000 20807.50000     0.18001     697
   20   16 21625.00000 22242.50000     0.18196     808
   20   17 21625.00000 23677.50000     0.18090     879
   20   18 21625.00000 25112.50000     0.18698     830
   20   19 21625.00000 26547.50000     0.19051    1054
   20   20 21625.00000 27982.50000     0.21524     871
   20   21 21625.00000 29417.50000     0.24285     880
   20   22 21625.00000 30852.50000     0.26737     255
   20   23 21625.00000 32287.50000     0.28988      63
   20   24 21625.00000 33722.50000     0.00000       0
   20   25 21625.00000 35157.50000     0.00000       0
   20   26 21625.00000 36592.50000     0.00000       0
   20   27 21625.00000 38027.50000     0.00000       0
   20   28 21625.00000 39462.50000     0.00000       0
   20   29 21625.00000 40897.50000     0.00000       0
   20   30 21625.00000 42332.50000     0.00000       0
   20   31 21625.00000 43767.50000     0.00000       0
   20   32 21625.00000 45202.50000     0.00000       0
   20   33 21625.00000 46637.50000     0.00000       0
   20   34 21625.00000 48072.50000     0.00000       0
   20   35 21625.00000 49507.50000     0.00000       0
   20   36 21625.00000 50942.50000     0.00000       0
   20   37 21625.00000 52377.50000     0.00000       0
   20   38 21625.00000 53812.50000     0.00000       0
   20   39 21625.00000 55247.50000     0.00000       0
   20   40 21625.00000 56682.50000     0.00000       0
   20   41 21625.00000 58117.50000     0.00000       0
   20   42 21625.00000 59552.50000     0.00000       0
   20   43 21625.00000 60987.50000     0.00000       0
   20   44 21625.00000 62422.50000     0.00000       0
   20   45 21625.00000 63857.50000     0.00000       0
   20   46 21625.00000 65292.50000     0.00000       0
   20   47 21625.00000 66727.50000     0.00000       0
   20   48 21625.00000 68162.50000     0.00000       0
   20   49 21625.00000 69597.50000     0.00000       0
   20   50 21625.00000 71032.50000     0.00000       0
   21    1 21375.00000   717.50000     0.22745      26
   21    2 21375.00000  2152.50000     0.20525      82
   21    3 21375.00000  3587.50000     0.21082     116
   21    4 21375.00000  5022.50000     0.21202     229
   21    5 21375.00000  6457.50000     0.20989     182
   21    6 21375.00000  7892.50000     0.20720     352
   21    7 21375.00000  9327.50000     0.20517     293
   21    8 21375.00000 10762.50000     0.19773     466
   21    9 21375.00000 12197.50000     0.19677     421
   21   10 21375.00000 13632.50000     0.19466     550
   21   11 21375.00000 15067.50000     0.18765     557
   21   12 21375.00000 16502.50000     0.18804     700
   21   13 21375.00000 17937.50000     0.18105     606
   21   14 21375.00000 19372.50000     0.18057     803
   21   15 21375.00000 20807.50000     0.17431     810
   21   16 21375.00000 22242.50000     0.17529     919
   21   17 21375.00000 23677.50000     0.17529    1013
   21   18 21375.00000 25112.50000     0.18234     893
   21   19 21375.00000 26547.50000     0.18837    1194
   21   20 21375.00000 27982.50000     0.21984    1013
   21   21 21375.00000 29417.50000     0.24279     816
   21   22 21375.00000 30852.50000     0.27469     229
   21   23 21375.00000 32287.50000     0.30531      30
   21   24 21375.00000 33722.50000     0.00000       0
   21   25 21375.00000 35157.50000     0.00000       0
   21   26 21375.00000 36592.50000     0.00000       0
   21   27 21375.00000 38027.50000     0.00000       0
   21   28 21375.00000 39462.50000     0.00000       0
   21   29 21375.00000 40897.50000     0.00000       0
   21   30 21375.00000 42332.50000     0.00000       0
   21   31 21375.00000 43767.50000     0.00000       0
   21   32 21375.00000 45202.50000     0.00000       0
   21   33 21375.00000 46637.50000     0.00000       0
   21   34 21375.00000 48072.50000     0.00000       0
   21   35 21375.00000 49507.50000     0.00000       0
   21   36 21375.00000 50942.50000     0.00000       0
   21   37 21375.00000 52377.50000     0.00000       0
   21   38 21375.00000 53812.50000     0.00000       0
   21   39 21375.00000 55247.50000     0.00000       0
   21   40 21375.00000 56682.50000     0.00000       0
   21   41 21375.00000 58117.50000     0.00000       0
   21   42 21375.00000 59552.50000     0.00000       0
   21   43 21375.00000 60987.50000     0.00000       0
   21   44 21375.00000 62422.50000     0.00000       0
   21   45 21375.00000 63857.50000     0.00000       0
   21   46 21375.00000 65292.50000     0.00000       0
   21   47 21375.00000 66727.50000     0.00000       0
   21   48 21375.00000 68162.50000     0.00000       0
   21   49 21375.00000 69597.50000     0.00000       0
   21   50 21375.00000 71032.50000     0.00000       0
   22    1 21125.00000   717.50000     0.21514      22
   22    2 21125.00000  2152.50000     0.19713      97
   22    3 21125.00000  3587.50000     0.19935     124
   22    4 21125.00000  5022.50000     0.20255     248
   22    5 21125.00000  6457.50000     0.19970     231
   22    6 21125.00000  7892.50000     0.19904     353
   22    7 21125.00000  9327.50000     0.19000     357
   22    8 21125.00000 10762.50000     0.18807     490
   22    9 21125.00000 12197.50000     0.18675     472
   22   10 21125.00000 13632.50000     0.18398     606
   22   11 21125.00000 15067.50000     0.17822     636
   22   12 21125.00000 16502.50000     0.18110     723
   22   13 21125.00000 17937.50000     0.17436     748
   22   14 21125.00000 19372.50000     0.17354     795
   22   15 21125.00000 20807.50000     0.16766     928
   22   16 21125.00000 22242.50000     0.16994     963
   22   17 21125.00000 23677.50000     0.16939    1120
   22   18 21125.00000 25112.50000     0.17955    1053
   22   19 21125.00000 26547.50000     0.18830    1197
   22   20 21125.00000 27982.50000     0.22057    1154
   22   21 21125.00000 29417.50000     0.24230     671
   22   22 21125.00000 30852.50000     0.27784     203
   22   23 21125.00000 32287.50000     0.30001       9
   22   24 21125.00000 33722.50000     0.00000       0
   22   25 21125.00000 35157.50000     0.00000       0
   22   26 21125.00000 36592.50000     0.00000       0
   22   27 21125.00000 38027.50000     0.00000       0
   22   28 21125.00000 39462.50000     0.00000       0
   22   29 21125.00000 40897.50000     0.00000       0
   22   30 21125.00000 42332.50000     0.00000       0
   22   31 21125.00000 43767.50000     0.00000       0
   22   32 21125.00000 45202.50000     0.00000       0
   22   33 21125.00000 46637.50000     0.00000       0
   22   34 21125.00000 48072.50000     0.00000       0
   22   35 21125.00000 49507.50000     0.00000       0
   22   36 21125.00000 50942.50000     0.00000       0
   22   37 21125.00000 52377.50000     0.00000       0
   22   38 21125.00000 53812.50000     0.00000       0
   22   39 21125.00000 55247.50000     0.00000       0
   22   40 21125.00000 56682.50000     0.00000       0
   22   41 21125.00000 58117.50000     0.00000       0
   22   42 21125.00000 59552.50000     0.00000       0
   22   43 21125.00000 60987.50000     0.00000       0
   22   44 21125.00000 62422.50000     0.00000       0
   22   45 21125.00000 63857.50000     0.00000       0
   22   46 21125.00000 65292.50000     0.00000       0
   22   47 21125.00000 66727.50000     0.00000       0
   22   48 21125.00000 68162.50000     0.00000       0
   22   49 21125.00000 69597.50000     0.00000       0
   22   50 21125.00000 71032.50000     0.00000       0
   23    1 20875.00000   717.50000     0.21464      36
   23    2 20875.00000  2152.50000     0.19636     115
   23    3 20875.00000  3587.50000     0.18872     212
   23    4 20875.00000  5022.50000     0.19154     303
   23    5 20875.00000  6457.50000     0.18805     328
   23    6 20875.00000  7892.50000     0.18328     477
   23    7 20875.00000  9327.50000     0.17651     517
   23    8 20875.00000 10762.50000     0.17371     664
   23    9 20875.00000 12197.50000     0.17809     681
   23   10 20875.00000 13632.50000     0.17364     760
   23   11 20875.00000 15067.50000     0.17032     888
   23   12 20875.00000 16502.50000     0.17268     992
   23   13 20875.00000 17937.50000     0.17043    1084
   23   14 20875.00000 19372.50000     0.16546    1036
   23   15 20875.00000 20807.50000     0.16217    1308
   23   16 20875.00000 22242.50000     0.16411    1327
   23   17 20875.00000 23677.50000     0.16426    1512
   23   18 20875.00000 25112.50000     0.17511    1458
   23   19 20875.00000 26547.50000     0.18981    1571
   23   20 20875.00000 27982.50000     0.21911    1538
   23   21 20875.00000 29417.50000     0.24326     664
   23   22 20875.00000 30852.50000     0.28027     229
   23   23 20875.00000 32287.50000     0.00000       0
   23   24 20875.00000 33722.50000     0.00000       0
   23   25 20875.00000 35157.50000     0.00000       0
   23   26 20875.00000 36592.50000     0.00000       0
   23   27 20875.00000 38027.50000     0.00000       0
   23   28 20875.00000 39462.50000     0.00000       0
   23   29 20875.00000 40897.50000     0.00000       0
   23   30 20875.00000 42332.50000     0.00000       0
   23   31 20875.00000 43767.50000     0.00000       0
   23   32 20875.00000 45202.50000     0.00000       0
   23   33 20875.00000 46637.50000     0.00000       0
   23   34 20875.00000 48072.50000     0.00000       0
   23   35 20875.00000 49507.50000     0.00000       0
   23   36 20875.00000 50942.50000     0.00000       0
   23   37 20875.00000 52377.50000     0.00000       0
   23   38 20875.00000 53812.50000     0.00000       0
   23   39 20875.00000 55247.50000     0.00000       0
   23   40 20875.00000 56682.50000     0.00000       0
   23   41 20875.00000 58117.50000     0.00000       0
   23   42 20875.00000 59552.50000     0.00000       0
   23   43 20875.00000 60987.50000     0.00000       0
   23   44 20875.00000 62422.50000     0.00000       0
   23   45 20875.00000 63857.50000     0.00000       0
   23   46 20875.00000 65292.50000     0.00000       0
   23   47 20875.00000 66727.50000     0.00000       0
   23   48 20875.00000 68162.50000     0.00000       0
   23   49 20875.00000 69597.50000     0.00000       0
   23   50 20875.00000 71032.50000     0.00000       0
   24    1 20625.00000   717.50000     0.21012      40
   24    2 20625.00000  2152.50000     0.18061     131
   24    3 20625.00000  3587.50000     0.17631     260
   24    4 20625.00000  5022.50000     0.17570     332
   24    5 20625.00000  6457.50000     0.17596     397
   24    6 20625.00000  7892.50000     0.17205     569
   24    7 20625.00000  9327.50000     0.16481     576
   24    8 20625.00000 10762.50000     0.16806     784
   24    9 20625.00000 12197.50000     0.16619     840
   24   10 20625.00000 13632.50000     0.16562     871
   24   11 20625.00000 15067.50000     0.16534    1015
   24   12 20625.00000 16502.50000     0.16356    1129
   24   13 20625.00000 17937.50000     0.16362    1290
   24   14 20625.00000 19372.50000     0.15789    1225
   24   15 20625.00000 20807.50000     0.15596    1484
   24   16 20625.00000 22242.50000     0.15711    1557
   24   17 20625.00000 23677.50000     0.16032    1691
   24   18 20625.00000 25112.50000     0.17120    1772
   24   19 20625.00000 26547.50000     0.19141    1743
   24   20 20625.00000 27982.50000     0.21975    1628
   24   21 20625.00000 29417.50000     0.24608     597
   24   22 20625.00000 30852.50000     0.27685     169
   24   23 20625.00000 32287.50000     0.00000       0
   24   24 20625.00000 33722.50000     0.00000       0
   24   25 20625.00000 35157.50000     0.00000       0
   24   26 20625.00000 36592.50000     0.00000       0
   24   27 20625.00000 38027.50000     0.00000       0
   24   28 20625.00000 39462.50000     0.00000       0
   24   29 20625.00000 40897.50000     0.00000       0
   24   30 20625.00000 42332.50000     0.00000       0
   24   31 20625.00000 43767.50000     0.00000       0
   24   32 20625.00000 45202.50000     0.00000       0
   24   33 20625.00000 46637.50000     0.00000       0
   24   34 20625.00000 48072.50000     0.00000       0
   24   35 20625.00000 49507.50000     0.00000       0
   24   36 20625.00000 50942.50000     0.00000       0
   24   37 20625.00000 52377.50000     0.00000       0
   24   38 20625.00000 53812.50000     0.00000       0
   24   39 20625.00000 55247.50000     0.00000       0
   24   40 20625.00000 56682.50000     0.00000       0
   24   41 20625.00000 58117.50000     0.00000       0
   24   42 20625.00000 59552.50000     0.00000       0
   24   43 20625.00000 60987.50000     0.00000       0
   24   44 20625.00000 62422.50000     0.00000       0
   24   45 20625.00000 63857.50000     0.00000       0
   24   46 20625.00000 65292.50000     0.00000       0
   24   47 20625.00000 66727.50000     0.00000       0
   24   48 20625.00000 68162.50000     0.00000       0
   24   49 20625.00000 69597.50000     0.00000       0
   24   50 20625.00000 71032.50000     0.00000       0
   25    1 20375.00000   717.50000     0.19973      43
   25    2 20375.00000  2152.50000     0.15996     196
   25    3 20375.00000  3587.50000     0.16001     373
   25    4 20375.00000  5022.50000     0.15695     464
   25    5 20375.00000  6457.50000     0.15689     671
   25    6 20375.00000  7892.50000     0.15628     711
   25    7 20375.00000  9327.50000     0.15315     940
   25    8 20375.00000 10762.50000     0.15670    1051
   25    9 20375.00000 12197.50000     0.15441    1313
   25   10 20375.00000 13632.50000     0.15356    1201
   25   11 20375.00000 15067.50000     0.15451    1584
   25   12 20375.00000 16502.50000     0.15360    1516
   25   13 20375.00000 17937.50000     0.15313    1818
   25   14 20375.00000 19372.50000     0.14958    1793
   25   15 20375.00000 20807.50000     0.15038    2128
   25   16 20375.00000 22242.50000     0.15115    2247
   25   17 20375.00000 23677.50000     0.15763    2311
   25   18 20375.00000 25112.50000     0.16947    2574
   25   19 20375.00000 26547.50000     0.19212    2486
   25   20 20375.00000 27982.50000     0.22008    1946
   25   21 20375.00000 29417.50000     0.25101     717
   25   22 20375.00000 30852.50000     0.27439     117
   25   23 20375.00000 32287.50000     0.00000       0
   25   24 20375.00000 33722.50000     0.00000       0
   25   25 20375.00000 35157.50000     0.00000       0
   25   26 20375.00000 36592.50000     0.00000       0
   25   27 20375.00000 38027.50000     0.00000       0
   25   28 20375.00000 39462.50000     0.00000       0
   25   29 20375.00000 40897.50000     0.00000       0
   25   30 20375.00000 42332.50000     0.00000       0
   25   31 20375.00000 43767.50000     0.00000       0
   25   32 20375.00000 45202.50000     0.00000       0
   25   33 20375.00000 46637.50000     0.00000       0
   25   34 20375.00000 48072.50000     0.00000       0
   25   35 20375.00000 49507.50000     0.00000       0
   25   36 20375.00000 50942.50000     0.00000       0
   25   37 20375.00000 52377.50000     0.00000       0
   25   38 20375.00000 53812.50000     0.00000       0
   25   39 20375.00000 55247.50000     0.00000       0
   25   40 20375.00000 56682.50000     0.00000       0
   25   41 20375.00000 58117.50000     0.00000       0
   25   42 20375.00000 59552.50000     0.00000       0
   25   43 20375.00000 60987.50000     0.00000       0
   25   44 20375.00000 62422.50000     0.00000       0
   25   45 20375.00000 63857.50000     0.00000       0
   25   46 20375.00000 65292.50000     0.00000       0
   25   47 20375.00000 66727.50000     0.00000       0
   25   48 20375.00000 68162.50000     0.00000       0
   25   49 20375.00000 69597.50000     0.00000       0
   25   50 20375.00000 71032.50000     0.00000       0
   26    1 20125.00000   717.50000     0.16204     107
   26    2 20125.00000  2152.50000     0.14137     394
   26    3 20125.00000  3587.50000     0.14225     808
   26    4 20125.00000  5022.50000     0.14147     852
   26    5 20125.00000  6457.50000     0.14516    1433
   26    6 20125.00000  7892.50000     0.14261    1264
   26    7 20125.00000  9327.50000     0.14520    2113
   26    8 20125.00000 10762.50000     0.14446    1939
   26    9 20125.00000 12197.50000     0.14400    2811
   26   10 20125.00000 13632.50000     0.14296    2271
   26   11 20125.00000 15067.50000     0.14288    3316
   26   12 20125.00000 16502.50000     0.14484    2995
   26   13 20125.00000 17937.50000     0.14254    3690
   26   14 20125.00000 19372.50000     0.14215    3781
   26   15 20125.00000 20807.50000     0.14138    4122
   26   16 20125.00000 22242.50000     0.14465    4493
   26   17 20125.00000 23677.50000     0.15260    4513
   26   18 20125.00000 25112.50000     0.16725    5321
   26   19 20125.00000 26547.50000     0.19545    4888
   26   20 20125.00000 27982.50000     0.21950    3324
   26   21 20125.00000 29417.50000     0.25095     995
   26   22 20125.00000 30852.50000     0.28234      70
   26   23 20125.00000 32287.50000     0.00000       0
   26   24 20125.00000 33722.50000     0.00000       0
   26   25 20125.00000 35157.50000     0.00000       0
   26   26 20125.00000 36592.50000     0.00000       0
   26   27 20125.00000 38027.50000     0.00000       0
   26   28 20125.00000 39462.50000     0.00000       0
   26   29 20125.00000 40897.50000     0.00000       0
   26   30 20125.00000 42332.50000     0.00000       0
   26   31 20125.00000 43767.50000     0.00000       0
   26   32 20125.00000 45202.50000     0.00000       0
   26   33 20125.00000 46637.50000     0.00000       0
   26   34 20125.00000 48072.50000     0.00000       0
   26   35 20125.00000 49507.50000     0.00000       0
   26   36 20125.00000 50942.50000     0.00000       0
   26   37 20125.00000 52377.50000     0.00000       0
   26   38 20125.00000 53812.50000     0.00000       0
   26   39 20125.00000 55247.50000     0.00000       0
   26   40 20125.00000 56682.50000     0.00000       0
   26   41 20125.00000 58117.50000     0.00000       0
   26   42 20125.00000 59552.50000     0.00000       0
   26   43 20125.00000 60987.50000     0.00000       0
   26   44 20125.00000 62422.50000     0.00000       0
   26   45 20125.00000 63857.50000     0.00000       0
   26   46 20125.00000 65292.50000     0.00000       0
   26   47 20125.00000 66727.50000     0.00000       0
   26   48 20125.00000 68162.50000     0.00000       0
   26   49 20125.00000 69597.50000     0.00000       0
   26   50 20125.00000 71032.50000     0.00000       0
   27    1 19875.00000   717.50000     0.14411     447
   27    2 19875.00000  2152.50000     0.12994    1628
   27    3 19875.00000  3587.50000     0.13044    2638
   27    4 19875.00000  5022.50000     0.13130    3638
   27    5 19875.00000  6457.50000     0.13079    5399
   27    6 19875.00000  7892.50000     0.13263    5548
   27    7 19875.00000  9327.50000     0.13397    7437
   27    8 19875.00000 10762.50000     0.13234    7819
   27    9 19875.00000 12197.50000     0.13246    9612
   27   10 19875.00000 13632.50000     0.13287    9938
   27   11 19875.00000 15067.50000     0.13212   11935
   27   12 19875.00000 16502.50000     0.13251   12387
   27   13 19875.00000 17937.50000     0.13215   13957
   27   14 19875.00000 19372.50000     0.13260   15035
   27   15 19875.00000 20807.50000     0.13434   15690
   27   16 19875.00000 22242.50000     0.13875   17151
   27   17 19875.00000 23677.50000     0.14639   17764
   27   18 19875.00000 25112.50000     0.16625   19132
   27   19 19875.00000 26547.50000     0.19330   18954
   27   20 19875.00000 27982.50000     0.22518    9991
   27   21 19875.00000 29417.50000     0.24775    2098
   27   22 19875.00000 30852.50000     0.30917       2
   27   23 19875.00000 32287.50000     0.00000       0
   27   24 19875.00000 33722.50000     0.00000       0
   27   25 19875.00000 35157.50000     0.00000       0
   27   26 19875.00000 36592.50000     0.00000       0
   27   27 19875.00000 38027.50000     0.00000       0
   27   28 19875.00000 39462.50000     0.00000       0
   27   29 19875.00000 40897.50000     0.00000       0
   27   30 19875.00000 42332.50000     0.00000       0
   27   31 19875.00000 43767.50000     0.00000       0
   27   32 19875.00000 45202.50000     0.00000       0
   27   33 19875.00000 46637.50000     0.00000       0
   27   34 19875.00000 48072.50000     0.00000       0
   27   35 19875.00000 49507.50000     0.00000       0
   27   36 19875.00000 50942.50000     0.00000       0
   27   37 19875.00000 52377.50000     0.00000       0
   27   38 19875.00000 53812.50000     0.00000       0
   27   39 19875.00000 55247.50000     0.00000       0
   27   40 19875.00000 56682.50000     0.00000       0
   27   41 19875.00000 58117.50000     0.00000       0
   27   42 19875.00000 59552.50000     0.00000       0
   27   43 19875.00000 60987.50000     0.00000       0
   27   44 19875.00000 62422.50000     0.00000       0
   27   45 19875.00000 63857.50000     0.00000       0
   27   46 19875.00000 65292.50000     0.00000       0
   27   47 19875.00000 66727.50000     0.00000       0
   27   48 19875.00000 68162.50000     0.00000       0
   27   49 19875.00000 69597.50000     0.00000       0
   27   50 19875.00000 71032.50000     0.00000       0
   28    1 19625.00000   717.50000     0.12858    2963
   28    2 19625.00000  2152.50000     0.12713    9863
   28    3 19625.00000  3587.50000     0.12752   15039
   28    4 19625.00000  5022.50000     0.12767   20803
   28    5 19625.00000  6457.50000     0.12804   29691
   28    6 19625.00000  7892.50000     0.12852   32301
   28    7 19625.00000  9327.50000     0.12543   42717
   28    8 19625.00000 10762.50000     0.12311   45157
   28    9 19625.00000 12197.50000     0.12171   52312
   28   10 19625.00000 13632.50000     0.12423   60521
   28   11 19625.00000 15067.50000     0.12074   65905
   28   12 19625.00000 16502.50000     0.12409   72882
   28   13 19625.00000 17937.50000     0.12367   79284
   28   14 19625.00000 19372.50000     0.12536   85892
   28   15 19625.00000 20807.50000     0.12887   91687
   28   16 19625.00000 22242.50000     0.13369   99857
   28   17 19625.00000 23677.50000     0.14394  100319
   28   18 19625.00000 25112.50000     0.16487  110153
   28   19 19625.00000 26547.50000     0.19528   99357
   28   20 19625.00000 27982.50000     0.22419   44702
   28   21 19625.00000 29417.50000     0.24339    5595
   28   22 19625.00000 30852.50000     0.00000       0
   28   23 19625.00000 32287.50000     0.00000       0
   28   24 19625.00000 33722.50000     0.00000       0
   28   25 19625.00000 35157.50000     0.00000       0
   28   26 19625.00000 36592.50000     0.00000       0
   28   27 19625.00000 38027.50000     0.00000       0
   28   28 19625.00000 39462.50000     0.00000       0
   28   29 19625.00000 40897.50000     0.00000       0
   28   30 19625.00000 42332.50000     0.00000       0
   28   31 19625.00000 43767.50000     0.00000       0
   28   32 19625.00000 45202.50000     0.00000       0
   28   33 19625.00000 46637.50000     0.00000       0
   28   34 19625.00000 48072.50000     0.00000       0
   28   35 19625.00000 49507.50000     0.00000       0
   28   36 19625.00000 50942.50000     0.00000       0
   28   37 19625.00000 52377.50000     0.00000       0
   28   38 19625.00000 53812.50000     0.00000       0
   28   39 19625.00000 55247.50000     0.00000       0
   28   40 19625.00000 56682.50000     0.00000       0
   28   41 19625.00000 58117.50000     0.00000       0
   28   42 19625.00000 59552.50000     0.00000       0
   28   43 19625.00000 60987.50000     0.00000       0
   28   44 19625.00000 62422.50000     0.00000       0
   28   45 19625.00000 63857.50000     0.00000       0
   28   46 19625.00000 65292.50000     0.00000       0
   28   47 19625.00000 66727.50000     0.00000       0
   28   48 19625.00000 68162.50000     0.00000       0
   28   49 19625.00000 69597.50000     0.00000       0
   28   50 19625.00000 71032.50000     0.00000       0
   29    1 19375.00000   717.50000     0.10998    7126
   29    2 19375.00000  2152.50000     0.11117   21588
   29    3 19375.00000  3587.50000     0.11214   30929
   29    4 19375.00000  5022.50000     0.11531   45905
   29    5 19375.00000  6457.50000     0.11211   51504
   29    6 19375.00000  7892.50000     0.11690   72676
   29    7 19375.00000  9327.50000     0.11353   75344
   29    8 19375.00000 10762.50000     0.11420   99175
   29    9 19375.00000 12197.50000     0.11594  103355
   29   10 19375.00000 13632.50000     0.11381  123237
   29   11 19375.00000 15067.50000     0.11504  141121
   29   12 19375.00000 16502.50000     0.11544  136799
   29   13 19375.00000 17937.50000     0.11817  165856
   29   14 19375.00000 19372.50000     0.11913  166744
   29   15 19375.00000 20807.50000     0.12371  187866
   29   16 19375.00000 22242.50000     0.12880  183078
   29   17 19375.00000 23677.50000     0.14035  220284
   29   18 19375.00000 25112.50000     0.16220  195625
   29   19 19375.00000 26547.50000     0.19214  203222
   29   20 19375.00000 27982.50000     0.22001   66390
   29   21 19375.00000 29417.50000     0.25180    4976
   29   22 19375.00000 30852.50000     0.00000       0
   29   23 19375.00000 32287.50000     0.00000       0
   29   24 19375.00000 33722.50000     0.00000       0
   29   25 19375.00000 35157.50000     0.00000       0
   29   26 19375.00000 36592.50000     0.00000       0
   29   27 19375.00000 38027.50000     0.00000       0
   29   28 19375.00000 39462.50000     0.00000       0
   29   29 19375.00000 40897.50000     0.00000       0
   29   30 19375.00000 42332.50000     0.00000       0
   29   31 19375.00000 43767.50000     0.00000       0
   29   32 19375.00000 45202.50000     0.00000       0
   29   33 19375.00000 46637.50000     0.00000       0
   29   34 19375.00000 48072.50000     0.00000       0
   29   35 19375.00000 49507.50000     0.00000       0
   29   36 19375.00000 50942.50000     0.00000       0
   29   37 19375.00000 52377.50000     0.00000       0
   29   38 19375.00000 53812.50000     0.00000       0
   29   39 19375.00000 55247.50000     0.00000       0
   29   40 19375.00000 56682.50000     0.00000       0
   29   41 19375.00000 58117.50000     0.00000       0
   29   42 19375.00000 59552.50000     0.00000       0
   29   43 19375.00000 60987.50000     0.00000       0
   29   44 19375.00000 62422.50000     0.00000       0
   29   45 19375.00000 63857.50000     0.00000       0
   29   46 19375.00000 65292.50000     0.00000       0
   29   47 19375.00000 66727.50000     0.00000       0
   29   48 19375.00000 68162.50000     0.00000       0
   29   49 19375.00000 69597.50000     0.00000       0
   29   50 19375.00000 71032.50000     0.00000       0
   30    1 19125.00000   717.50000     0.10925     609
   30    2 19125.00000  2152.50000     0.10907    1816
   30    3 19125.00000  3587.50000     0.10917    2494
   30    4 19125.00000  5022.50000     0.10925    3661
   30    5 19125.00000  6457.50000     0.10955    4865
   30    6 19125.00000  7892.50000     0.10960    4981
   30    7 19125.00000  9327.50000     0.10997    7300
   30    8 19125.00000 10762.50000     0.11006    6536
   30    9 19125.00000 12197.50000     0.11056    9986
   30   10 19125.00000 13632.50000     0.11099    9697
   30   11 19125.00000 15067.50000     0.11165   11253
   30   12 19125.00000 16502.50000     0.11272   11893
   30   13 19125.00000 17937.50000     0.11367   11691
   30   14 19125.00000 19372.50000     0.11619   14506
   30   15 19125.00000 20807.50000     0.11861   13387
   30   16 19125.00000 22242.50000     0.12570   16783
   30   17 19125.00000 23677.50000     0.13348   15048
   30   18 19125.00000 25112.50000     0.16263   19697
   30   19 19125.00000 26547.50000     0.19103   14857
   30   20 19125.00000 27982.50000     0.24350    2236
   30   21 19125.00000 29417.50000     0.25844     904
   30   22 19125.00000 30852.50000     0.00000       0
   30   23 19125.00000 32287.50000     0.00000       0
   30   24 19125.00000 33722.50000     0.00000       0
   30   25 19125.00000 35157.50000     0.00000       0
   30   26 19125.00000 36592.50000     0.00000       0
   30   27 19125.00000 38027.50000     0.00000       0
   30   28 19125.00000 39462.50000     0.00000       0
   30   29 19125.00000 40897.50000     0.00000       0
   30   30 19125.00000 42332.50000     0.00000       0
   30   31 19125.00000 43767.50000     0.00000       0
   30   32 19125.00000 45202.50000     0.00000       0
   30   33 19125.00000 46637.50000     0.00000       0
   30   34 19125.00000 48072.50000     0.00000       0
   30   35 19125.00000 49507.50000     0.00000       0
   30   36 19125.00000 50942.50000     0.00000       0
   30   37 19125.00000 52377.50000     0.00000       0
   30   38 19125.00000 53812.50000     0.00000       0
   30   39 19125.00000 55247.50000     0.00000       0
   30   40 19125.00000 56682.50000     0.00000       0
   30   41 19125.00000 58117.50000     0.00000       0
   30   42 19125.00000 59552.50000     0.00000       0
   30   43 19125.00000 60987.50000     0.00000       0
   30   44 19125.00000 62422.50000     0.00000       0
   30   45 19125.00000 63857.50000     0.00000       0
   30   46 19125.00000 65292.50000     0.00000       0
   30   47 19125.00000 66727.50000     0.00000       0
   30   48 19125.00000 68162.50000     0.00000       0
   30   49 19125.00000 69597.50000     0.00000       0
   30   50 19125.00000 71032.50000     0.00000       0
