      1     -12.82914      -6.11617       1.06630
      2     -13.22474     -11.60197       1.06630
      3     -15.80627      -8.29941       1.06630
      4     -16.39538       0.12928       1.06630
      5     -14.65292      -3.04202       1.06630
      6     -10.80292      -3.88740       1.06630
      7     -12.78097       0.08204       1.06630
      8     -18.23505      -3.09305       1.06630
      9     -15.28314     -11.93784       1.06630
     10     -16.34279      -6.30581       1.06630
     11     -20.01352       2.23454       1.06630
     12     -16.06489       7.50681       1.06630
     13     -19.33866       5.08263       1.06630
     14     -15.27346       9.58804       1.06630
     15     -16.45410      -2.03148       1.06630
     16     -12.80403       6.28090       1.06630
     17     -11.55679      13.66104       1.06630
     18     -14.41691      11.49749       1.06630
     19     -11.89512     -13.21630       1.06630
     20      -8.89642      -4.98682       1.06630
     21     -10.63627     -14.84970       1.06630
     22     -10.72446      -5.95007       1.06630
     23      -8.98603      -2.92072       1.06630
     24     -18.18243      -5.26995       1.06630
     25     -16.45179      -4.11708       1.06630
     26     -12.77126       2.15863       1.06630
     27     -18.21580       1.20916       1.06630
     28      -8.90521       5.43042       1.06630
     29     -10.72504       4.40535       1.06630
     30      -9.06485      10.25765       1.06630
     31     -17.47276       6.00461       1.06630
     32     -12.85605      -4.05573       1.06630
     33     -14.80951       5.73345       1.06630
     34     -14.02931       7.94137       1.06630
     35     -18.20483      -0.91570       1.06630
     36      -7.60415      17.51724       1.06630
     37      -8.16005      -8.93663       1.06630
     38      -9.84668     -12.91482       1.06630
     39      -9.40524     -16.50565       1.06630
     40     -14.48380      -9.92513       1.06630
     41     -11.11327     -11.26954       1.06630
     42     -14.56049       3.18632       1.06630
     43      -7.10254      -6.08745       1.06630
     44     -14.64282      -5.13181       1.06630
     45     -10.76877      -1.82103       1.06630
     46     -12.82858      -1.97891       1.06630
     47      -5.34195       5.43491       1.06630
     48     -11.11968      10.03651       1.06630
     49     -10.31725      11.93125       1.06630
     50     -16.37602       2.18720       1.06630
     51     -10.74898       6.48173       1.06630
     52      -4.17354      12.28496       1.06630
     53      -4.19703      19.32417       1.06630
     54     -10.73865      15.56896       1.06630
     55      -2.89566     -19.36331       1.06630
     56     -13.66822      -8.02078       1.06630
     57     -12.43795      -9.68337       1.06630
     58      -5.27051     -15.93185       1.06630
     59     -10.72025       0.25518       1.06630
     60      -6.19458      -8.33230       1.06630
     61     -14.62400      -0.93987       1.06630
     62      -2.95048     -10.11977       1.06630
     63      -8.93440       1.29432       1.06630
     64      -7.18057       0.22685       1.06630
     65     -10.71590       2.32682       1.06630
     66     -16.32466       4.25604       1.06630
     67      -5.34189       1.23691       1.06630
     68      -9.88000       8.36376       1.06630
     69     -18.18143       3.28450       1.06630
     70      -8.27584      12.15469       1.06630
     71     -11.94528       8.15168       1.06630
     72       1.55766      17.26192       1.06630
     73     -13.97060     -13.58937       1.06630
     74     -12.68032     -15.19726       1.06630
     75      -5.08542      -6.51666       1.06630
     76       0.75550      -1.30706       1.06630
     77      -9.06276     -11.00945       1.06630
     78     -10.25729      -9.32806       1.06630
     79      -1.90378      -4.66527       1.06630
     80      -5.38686       7.56592       1.06630
     81      -8.98385      -7.05644       1.06630
     82     -14.56499       1.11676       1.06630
     83      -5.40795      -0.85400       1.06630
     84      -7.12609       6.47165       1.06630
     85      -5.03166       9.67530       1.06630
     86      -9.48920      13.82153       1.06630
     87     -12.78914       4.22037       1.06630
     88      -7.33986      14.00357       1.06630
     89       1.07854      13.57812       1.06630
     90      -8.59765      15.70967       1.06630
     91       3.76387     -18.53629       1.06630
     92       2.05971     -17.37916       1.06630
     93      -3.22071     -15.69021       1.06630
     94      -7.78729     -12.61900       1.06630
     95      -4.11188      -8.34295       1.06630
     96       0.35585      -4.85833       1.06630
     97     -20.21816      -0.16693       1.06630
     98      -7.14025      -1.94473       1.06630
     99      -7.11961       4.40533       1.06630
    100      -5.19452      -2.90929       1.06630
    101      -0.60905      -3.04888       1.06630
    102     -13.17927       9.82503       1.06630
    103      -0.94669      13.98251       1.06630
    104      -1.64843       7.25951       1.06630
    105     -12.36898      11.72960       1.06630
    106      -5.35371      17.61704       1.06630
    107      -6.36557      15.81846       1.06630
    108      -2.98724      17.59590       1.06630
    109      -0.75827     -15.04006       1.06630
    110      -8.59366     -14.54551       1.06630
    111      -6.52021     -14.26499       1.06630
    112      -5.00105     -10.20707       1.06630
    113       2.46278      -5.05771       1.06630
    114      -3.01262      -6.43819       1.06630
    115     -11.62191      -7.79595       1.06630
    116      -3.34634      -0.79228       1.06630
    117      -1.28572      -1.06040       1.06630
    118      -7.00927      -4.00457       1.06630
    119      -7.82370       8.42349       1.06630
    120      -6.99499      10.32000       1.06630
    121       0.23292      15.66701       1.06630
    122      -3.54925       2.26061       1.06630
    123      -0.11485      11.85389       1.06630
    124      -5.23048      14.10020       1.06630
    125      -4.21287      15.90280       1.06630
    126      -0.74688      17.46186       1.06630
    127      -0.88963     -10.20412       1.06630
    128      -7.33700     -16.19980       1.06630
    129      -4.47604     -14.01013       1.06630
    130      -7.01159     -10.66716       1.06630
    131      -0.91035      -6.47464       1.06630
    132       0.64637     -13.48267       1.06630
    133       1.23538      -6.70956       1.06630
    134       4.90103      -1.73861       1.06630
    135       6.58138      -5.54868       1.06630
    136       2.82069      -1.53093       1.06630
    137      -3.05549      -2.84736       1.06630
    138      -5.35822       3.31837       1.06630
    139      -3.13236      10.50528       1.06630
    140      -3.36665       8.45989       1.06630
    141      -6.22153      12.26277       1.06630
    142      -2.12288      12.28903       1.06630
    143      -3.14467      14.07989       1.06630
    144       5.27345      13.02663       1.06630
    145       3.89281     -16.46107       1.06630
    146      -2.05486      -8.25653       1.06630
    147       4.53610     -12.88485       1.06630
    148      -5.68177     -12.31478       1.06630
    149       6.99088      -1.96394       1.06630
    150      -4.09422      -4.67963       1.06630
    151       0.00055      -8.36077       1.06630
    152       4.51998      -5.28407       1.06630
    153       1.15432       2.29601       1.06630
    154      -0.03301       0.61062       1.06630
    155      -7.14813       2.31150       1.06630
    156      -8.92146       3.37221       1.06630
    157       0.12708       6.23087       1.06630
    158      -1.99199      15.79817       1.06630
    159       9.38355      12.44974       1.06630
    160       1.94817      11.61994       1.06630
    161      -1.44235       9.31080       1.06630
    162      -1.77575      19.26616       1.06630
    163      -2.01268     -17.37591       1.06630
    164      -6.14057     -17.87676       1.06630
    165       3.22689     -14.48616       1.06630
    166       4.86625     -10.83237       1.06630
    167       2.80834     -10.53358       1.06630
    168      -2.40367     -13.79314       1.06630
    169       6.49971       3.49108       1.06630
    170       2.05653      -8.59777       1.06630
    171      10.32476       2.22721       1.06630
    172       4.06282       0.14408       1.06630
    173      -8.95982      -0.82864       1.06630
    174       2.00440       0.37201       1.06630
    175      -3.50782       6.37280       1.06630
    176       6.74465       9.12103       1.06630
    177       0.28714       4.16926       1.06630
    178       0.55419       9.89268       1.06630
    179       4.45266      14.97592       1.06630
    180       2.94717      18.81926       1.06630
    181       6.17584      -9.22080       1.06630
    182       0.01733     -16.96940       1.06630
    183      -4.07823     -17.61347       1.06630
    184      -1.01771     -12.27722       1.06630
    185       4.12085      -8.87186       1.06630
    186       6.08246     -16.83234       1.06630
    187       5.33965      -7.21152       1.06630
    188       8.55256       3.29722       1.06630
    189       3.68749      -3.40520       1.06630
    190      -3.54709       4.31134       1.06630
    191       1.34992       7.96208       1.06630
    192       2.39218       3.96792       1.06630
    193       4.21929       5.81166       1.06630
    194       2.60960       9.66902       1.06630
    195       7.52696       7.21472       1.06630
    196       3.99362      11.39266       1.06630
    197       7.86570      16.32808       1.06630
    198       5.05178      18.55279       1.06630
    199       0.84195     -11.33200       1.06630
    200       1.39150     -15.42950       1.06630
    201       5.27523     -14.91954       1.06630
    202      13.90022     -11.51526       1.06630
    203       8.66972      -9.25007       1.06630
    204       7.82586      -3.89198       1.06630
    205       7.00152     -11.15652       1.06630
    206       4.45450       3.71989       1.06630
    207       1.57541      -3.19929       1.06630
    208      12.10141      -0.79872       1.06630
    209       8.18656      -0.28886       1.06630
    210       7.36118       1.59797       1.06630
    211      -2.07402       0.83736       1.06630
    212      10.82867       8.48959       1.06630
    213       2.17935       6.02626       1.06630
    214      -1.39514       2.95757       1.06630
    215       8.10419      10.79206       1.06630
    216       5.82184      16.64163       1.06630
    217       5.86664     -18.91389       1.06630
    218       1.89783     -19.47041       1.06630
    219      11.32199     -14.80783       1.06630
    220       7.37691      -7.53784       1.06630
    221       2.49248     -12.56368       1.06630
    222      11.10236      -5.88629       1.06630
    223       5.29760       1.81604       1.06630
    224       6.11658      -0.07867       1.06630
    225       3.43910       7.73709       1.06630
    226       8.46270       5.36621       1.06630
    227      -1.60052       5.10015       1.06630
    228      12.08764       5.43152       1.06630
    229      12.12264       3.35486       1.06630
    230       7.32248      12.76112       1.06630
    231       4.65323       9.42111       1.06630
    232       0.60433      19.15179       1.06630
    233       3.75253      16.92173       1.06630
    234       5.47531       7.47761       1.06630
    235       9.20702     -11.25804       1.06630
    236      -3.63498     -12.10317       1.06630
    237      10.77198      -9.47356       1.06630
    238       8.63079     -13.57931       1.06630
    239       9.45349     -15.69597       1.06630
    240       6.26769       5.54247       1.06630
    241       3.20294       2.06729       1.06630
    242       3.29256      -6.93701       1.06630
    243      17.70843       4.00597       1.06630
    244      13.89926       0.18751       1.06630
    245      14.42103       8.48999       1.06630
    246      15.22465      10.45357       1.06630
    247      17.76455       6.08104       1.06630
    248       3.19223      13.34092       1.06630
    249      10.15464      10.43205       1.06630
    250      14.35769       6.39431       1.06630
    251      19.06363       0.20316       1.06630
    252       2.30327      15.28534       1.06630
    253       6.60086     -13.21577       1.06630
    254       7.37052     -15.19442       1.06630
    255      16.31479      -3.26432       1.06630
    256      13.03276      -9.55473       1.06630
    257       9.91011      -7.60148       1.06630
    258       8.65986      -5.92176       1.06630
    259      15.92722       2.90112       1.06630
    260      13.24489      -6.07487       1.06630
    261      15.32914      -6.13061       1.06630
    262      12.60807       7.45569       1.06630
    263      11.08753      -2.59708       1.06630
    264      10.26898       0.14534       1.06630
    265      12.62304       9.51296       1.06630
    266      16.18569       7.41198       1.06630
    267      11.41857      12.11581       1.06630
    268       8.62650      14.38985       1.06630
    269       6.04644      11.09533       1.06630
    270       6.55855      14.69311       1.06630
    271      -0.66839     -18.93995       1.06630
    272       5.75536      -3.61654       1.06630
    273      10.55877     -12.86345       1.06630
    274      11.84571     -11.24550       1.06630
    275      15.87965       0.75056       1.06630
    276      13.39545      -2.42135       1.06630
    277      13.92514       4.36897       1.06630
    278      12.14750       1.26731       1.06630
    279       9.85336      -4.25340       1.06630
    280      14.42322      -4.22625       1.06630
    281      10.23273       6.49585       1.06630
    282      15.24346      -1.39388       1.06630
    283      15.92113       5.06515       1.06630
    284      10.30156       4.39120       1.06630
    285      13.94591       2.28272       1.06630
    286      13.42737      11.44491       1.06630
    287       8.79323       8.84884       1.06630
    288      10.71222      14.05451       1.06630
    289      12.60675     -13.16205       1.06630
    290      15.13700      -9.84493       1.06630
    291      17.16031      -5.16645       1.06630
    292      12.02666      -7.73769       1.06630
    293      17.25254      -0.79265       1.06630
    294      16.34611      -8.00615       1.06630
    295      14.24718      -7.89000       1.06630
    296      19.41964       2.85773       1.06630
    297      12.35504      -4.22085       1.06630
    298      17.64984       1.79773       1.06630
    299       9.05559      -2.22355       1.06630
    300      18.39142      -3.36817       1.06630
      1     -12.69075      -6.11811       1.06630
      2     -13.16035     -11.57108       1.06630
      3     -15.73290      -8.25433       1.06630
      4     -16.28286       0.14968       1.06630
      5     -14.55125      -3.05156       1.06630
      6     -10.70158      -3.87968       1.06630
      7     -12.67506       0.06979       1.06630
      8     -18.12094      -3.09576       1.06630
      9     -15.22108     -11.89512       1.06630
     10     -16.27064      -6.26056       1.06630
     11     -19.85202       2.31768       1.06630
     12     -15.91864       7.28130       1.06630
     13     -19.35247       5.03635       1.06630
     14     -15.19892       9.45151       1.06630
     15     -16.34579      -2.03253       1.06630
     16     -12.56931       6.26882       1.06630
     17     -11.59571      13.68562       1.06630
     18     -14.39755      11.39736       1.06630
     19     -11.84444     -13.19849       1.06630
     20      -8.76412      -4.96161       1.06630
     21     -10.58914     -14.84007       1.06630
     22     -10.60130      -5.94245       1.06630
     23      -8.89464      -2.89674       1.06630
     24     -18.10923      -5.23381       1.06630
     25     -16.34143      -4.13246       1.06630
     26     -12.64210       2.14484       1.06630
     27     -18.08898       1.23324       1.06630
     28      -8.74383       5.44666       1.06630
     29     -10.57881       4.46293       1.06630
     30      -9.05017      10.37486       1.06630
     31     -17.47430       5.93326       1.06630
     32     -12.75224      -4.05976       1.06630
     33     -14.57123       5.71036       1.06630
     34     -13.91140       7.83746       1.06630
     35     -18.08514      -0.90008       1.06630
     36      -7.60740      17.58026       1.06630
     37      -7.83195      -8.81034       1.06630
     38      -9.79637     -12.88618       1.06630
     39      -9.29368     -16.44840       1.06630
     40     -14.41690      -9.88298       1.06630
     41     -11.06422     -11.24984       1.06630
     42     -14.41775       3.19029       1.06630
     43      -6.94675      -6.03041       1.06630
     44     -14.52271      -5.15922       1.06630
     45     -10.67209      -1.80699       1.06630
     46     -12.73049      -1.98819       1.06630
     47      -5.15824       5.40733       1.06630
     48     -11.09290      10.10696       1.06630
     49     -10.31928      12.01393       1.06630
     50     -16.24544       2.20799       1.06630
     51     -10.52227       6.54126       1.06630
     52      -4.18459      12.36654       1.06630
     53      -3.84248      19.26429       1.06630
     54     -10.84428      15.62235       1.06630
     55      -2.92682     -19.36645       1.06630
     56     -13.57391      -7.98486       1.06630
     57     -12.37077      -9.65217       1.06630
     58      -5.16554     -15.84709       1.06630
     59     -10.61956       0.28994       1.06630
     60      -6.00749      -7.86946       1.06630
     61     -14.52161      -0.93941       1.06630
     62      -3.07407      -9.95583       1.06630
     63      -8.82822       1.31850       1.06630
     64      -7.08102       0.23427       1.06630
     65     -10.59423       2.38121       1.06630
     66     -16.14894       4.31035       1.06630
     67      -5.23411       1.22762       1.06630
     68      -9.50532       8.35696       1.06630
     69     -18.01942       3.36460       1.06630
     70      -8.27918      12.28961       1.06630
     71     -11.77490       8.16745       1.06630
     72       1.58310      17.08297       1.06630
     73     -13.91495     -13.55221       1.06630
     74     -12.63690     -15.17013       1.06630
     75      -4.83715      -6.15440       1.06630
     76       0.87505      -1.35269       1.06630
     77      -9.01713     -10.97740       1.06630
     78      -9.89480      -9.10684       1.06630
     79      -1.54774      -4.70275       1.06630
     80      -5.15840       7.45969       1.06630
     81      -8.85299      -7.02989       1.06630
     82     -14.44656       1.12028       1.06630
     83      -5.29972      -0.85701       1.06630
     84      -6.96212       6.47686       1.06630
     85      -5.19737       9.52192       1.06630
     86      -9.53692      13.92202       1.06630
     87     -12.63585       4.20694       1.06630
     88      -7.39418      14.18937       1.06630
     89       1.14135      13.46855       1.06630
     90      -8.72003      15.84280       1.06630
     91       4.15094     -18.03792       1.06630
     92       2.17127     -17.48613       1.06630
     93      -3.11160     -15.66858       1.06630
     94      -7.74595     -12.59243       1.06630
     95      -3.94337      -8.05468       1.06630
     96       0.54265      -4.89514       1.06630
     97     -20.04122       0.04098       1.06630
     98      -7.05306      -1.91177       1.06630
     99      -6.95980       4.41446       1.06630
    100      -4.98626      -2.91534       1.06630
    101      -0.33407      -3.03495       1.06630
    102     -13.12837       9.74999       1.06630
    103      -0.90026      13.77058       1.06630
    104      -1.42163       7.56356       1.06630
    105     -12.36610      11.74232       1.06630
    106      -5.06565      17.60397       1.06630
    107      -6.28488      15.93682       1.06630
    108      -2.62282      17.55014       1.06630
    109      -0.91636     -15.43142       1.06630
    110      -8.54558     -14.51746       1.06630
    111      -6.39598     -14.16821       1.06630
    112      -5.11576      -9.74277       1.06630
    113       2.60891      -5.09532       1.06630
    114      -2.76651      -6.37007       1.06630
    115     -11.47997      -7.79901       1.06630
    116      -3.23764      -0.84576       1.06630
    117      -1.16970      -1.10636       1.06630
    118      -6.87100      -3.95954       1.06630
    119      -7.43731       8.50597       1.06630
    120      -6.99144      10.54715       1.06630
    121       0.29680      15.44838       1.06630
    122      -3.42810       2.22826       1.06630
    123      -0.11873      11.78463       1.06630
    124      -5.11795      14.23808       1.06630
    125      -3.90150      15.90623       1.06630
    126      -0.49106      17.33815       1.06630
    127      -1.01828     -10.10390       1.06630
    128      -7.22672     -16.12134       1.06630
    129      -4.30283     -13.92957       1.06630
    130      -6.94927     -10.68435       1.06630
    131      -0.65631      -6.55661       1.06630
    132       0.42052     -13.71975       1.06630
    133       1.39762      -6.76464       1.06630
    134       5.01097      -1.75363       1.06630
    135       6.77189      -5.52100       1.06630
    136       2.95186      -1.54397       1.06630
    137      -2.44041      -2.76311       1.06630
    138      -5.22458       3.29248       1.06630
    139      -3.36251      10.47814       1.06630
    140      -3.31968       8.42379       1.06630
    141      -6.22933      12.49266       1.06630
    142      -2.14634      12.12455       1.06630
    143      -2.95291      14.02388       1.06630
    144       5.30911      12.94840       1.06630
    145       3.60661     -16.02172       1.06630
    146      -1.88536      -8.23574       1.06630
    147       3.96825     -12.43406       1.06630
    148      -5.37753     -12.08704       1.06630
    149       7.11440      -1.94426       1.06630
    150      -3.61322      -4.48401       1.06630
    151       0.19184      -8.45100       1.06630
    152       4.67622      -5.28595       1.06630
    153       1.22230       2.28187       1.06630
    154       0.07084       0.56733       1.06630
    155      -7.03018       2.31491       1.06630
    156      -8.78711       3.39401       1.06630
    157       0.16077       6.24855       1.06630
    158      -1.74678      15.69325       1.06630
    159       9.44250      12.37572       1.06630
    160       1.94603      11.54883       1.06630
    161      -1.46737       9.65030       1.06630
    162      -1.39018      19.20448       1.06630
    163      -1.96343     -17.39830       1.06630
    164      -6.09989     -17.84606       1.06630
    165       2.76488     -14.11331       1.06630
    166       5.19466     -10.75009       1.06630
    167       3.10082     -10.57135       1.06630
    168      -2.20722     -13.80885       1.06630
    169       6.61355       3.47586       1.06630
    170       2.26284      -8.64525       1.06630
    171      10.25247       1.89913       1.06630
    172       4.16470       0.12750       1.06630
    173      -8.86784      -0.80545       1.06630
    174       2.10888       0.34194       1.06630
    175      -3.08930       6.31947       1.06630
    176       6.81155       9.09424       1.06630
    177       0.44526       4.19638       1.06630
    178       0.60635       9.84254       1.06630
    179       4.49889      14.86913       1.06630
    180       2.92071      18.67935       1.06630
    181       6.41402      -9.07370       1.06630
    182       0.09977     -17.25687       1.06630
    183      -4.03828     -17.57488       1.06630
    184      -0.94623     -12.18433       1.06630
    185       4.34237      -8.85853       1.06630
    186       5.80314     -16.22656       1.06630
    187       5.52359      -7.17635       1.06630
    188       8.66655       3.23895       1.06630
    189       3.80725      -3.42404       1.06630
    190      -3.41360       4.27928       1.06630
    191       1.42063       7.92552       1.06630
    192       2.50295       3.93642       1.06630
    193       4.24926       5.77543       1.06630
    194       2.66222       9.61802       1.06630
    195       7.57142       7.18550       1.06630
    196       3.99528      11.31437       1.06630
    197       7.89664      16.25141       1.06630
    198       5.03779      18.44837       1.06630
    199       1.03373     -10.35031       1.06630
    200       1.33114     -15.60003       1.06630
    201       4.85554     -14.37513       1.06630
    202      13.58384     -11.58162       1.06630
    203       8.55300      -9.32485       1.06630
    204       7.99445      -3.84959       1.06630
    205       7.26827     -10.95101       1.06630
    206       4.56709       3.70293       1.06630
    207       1.74348      -3.22555       1.06630
    208      12.47011      -0.63200       1.06630
    209       8.32124      -0.28022       1.06630
    210       7.44779       1.58188       1.06630
    211      -1.97069       0.78658       1.06630
    212      10.95443       8.43552       1.06630
    213       2.20768       5.98111       1.06630
    214      -1.20767       2.87466       1.06630
    215       8.16606      10.70172       1.06630
    216       5.84128      16.54949       1.06630
    217       6.26194     -18.27585       1.06630
    218       2.67160     -19.51023       1.06630
    219      11.18209     -14.98200       1.06630
    220       7.62179      -7.39715       1.06630
    221       1.87651     -12.23726       1.06630
    222      10.92168      -5.94291       1.06630
    223       5.39550       1.80433       1.06630
    224       6.21694      -0.08798       1.06630
    225       3.47930       7.68699       1.06630
    226       8.35386       5.27763       1.06630
    227      -1.46517       4.98236       1.06630
    228      11.90407       5.78960       1.06630
    229      12.08999       3.55490       1.06630
    230       7.37319      12.66154       1.06630
    231       4.70632       9.36150       1.06630
    232       0.75806      19.02091       1.06630
    233       3.77014      16.80202       1.06630
    234       5.51906       7.45488       1.06630
    235       9.43161     -11.20117       1.06630
    236      -3.31993     -12.03937       1.06630
    237      10.62340      -9.51807       1.06630
    238       8.15768     -12.83864       1.06630
    239       9.08254     -14.76253       1.06630
    240       6.29528       5.51594       1.06630
    241       3.29433       2.04020       1.06630
    242       3.46518      -6.95945       1.06630
    243      17.69182       4.13434       1.06630
    244      14.14398       0.61883       1.06630
    245      14.51655       8.90229       1.06630
    246      15.52693      10.72663       1.06630
    247      17.45182       6.21340       1.06630
    248       3.22009      13.24911       1.06630
    249      10.22752      10.36417       1.06630
    250      14.67124       6.68970       1.06630
    251      18.71862      -0.28275       1.06630
    252       2.38430      15.16659       1.06630
    253       6.06514     -12.62643       1.06630
    254       6.99512     -14.52693       1.06630
    255      15.91483      -3.26418       1.06630
    256      12.70721      -9.70763       1.06630
    257       9.75264      -7.64750       1.06630
    258       8.86127      -5.74824       1.06630
    259      16.04510       2.78439       1.06630
    260      13.02418      -6.11061       1.06630
    261      15.10188      -6.31830       1.06630
    262      12.85788       7.64283       1.06630
    263      11.24590      -2.30772       1.06630
    264      10.44674      -0.17989       1.06630
    265      12.59418       9.68472       1.06630
    266      16.35955       7.96489       1.06630
    267      11.53706      12.00057       1.06630
    268       8.70641      14.33088       1.06630
    269       6.06396      11.01695       1.06630
    270       6.62214      14.60056       1.06630
    271      -0.82277     -19.12998       1.06630
    272       5.90650      -3.61419       1.06630
    273      10.29470     -13.08620       1.06630
    274      11.49881     -11.40201       1.06630
    275      16.20175       0.42200       1.06630
    276      13.29572      -2.53814       1.06630
    277      13.73113       4.80630       1.06630
    278      12.27331       1.47121       1.06630
    279      10.04583      -4.07323       1.06630
    280      14.17726      -4.39302       1.06630
    281       9.97199       6.60570       1.06630
    282      14.96423      -1.28980       1.06630
    283      15.78642       4.95773       1.06630
    284      10.27053       4.53689       1.06630
    285      13.97149       2.70296       1.06630
    286      13.62347      11.49143       1.06630
    287       8.90405       8.77403       1.06630
    288      10.81772      13.93251       1.06630
    289      12.35953     -13.27465       1.06630
    290      14.82413      -9.91367       1.06630
    291      16.81527      -5.15542       1.06630
    292      11.84823      -7.79824       1.06630
    293      17.04930      -1.48190       1.06630
    294      15.98972      -8.19070       1.06630
    295      13.89291      -7.99693       1.06630
    296      19.43209       3.04088       1.06630
    297      12.10467      -4.24251       1.06630
    298      17.81174       1.75409       1.06630
    299       9.18776      -2.15567       1.06630
    300      18.22655      -3.55031       1.06630
